103
1 102
2 79
3 1
4 67
5 83
6 1
7 28
8 44
9 47
10 63
11 63
12 74
13 93
14 24
15 91
16 100
17 64
18 82
19 19
20 97
21 18
22 45
23 97
24 91
25 68
26 46
27 24
28 7
29 43
30 22
31 28
32 94
33 103
34 99
35 86
36 64
37 3
38 48
39 99
40 12
41 59
42 63
43 48
44 51
45 74
46 77
47 64
48 62
49 61
50 80
51 86
52 86
53 47
54 69
55 4
56 77
57 59
58 23
59 34
60 99
61 99
62 91
63 72
64 41
65 30
66 3
67 69
68 8
69 79
70 79
71 69
72 23
73 87
74 51
75 66
76 87
77 1
78 38
79 36
80 13
81 6
82 95
83 24
84 16
85 33
86 95
87 61
88 23
89 88
90 36
91 47
92 17
93 24
94 99
95 44
96 33
97 86
98 66
99 94
100 60
101 15
102 72
103 96
