150
1 120
2 48
3 111
4 132
5 66
6 71
7 36
8 92
9 37
10 75
11 24
12 145
13 84
14 6
15 58
16 106
17 15
18 100
19 109
20 124
21 7
22 27
23 67
24 133
25 38
26 136
27 144
28 118
29 135
30 51
31 31
32 130
33 7
34 66
35 86
36 53
37 132
38 100
39 125
40 95
41 138
42 145
43 2
44 111
45 147
46 115
47 110
48 94
49 101
50 73
51 81
52 100
53 29
54 72
55 99
56 49
57 8
58 24
59 64
60 57
61 31
62 107
63 69
64 40
65 121
66 147
67 34
68 97
69 118
70 63
71 81
72 101
73 25
74 137
75 62
76 122
77 113
78 77
79 29
80 134
81 40
82 79
83 76
84 78
85 140
86 41
87 43
88 131
89 100
90 89
91 23
92 143
93 115
94 106
95 29
96 34
97 115
98 52
99 52
100 95
101 95
102 103
103 89
104 36
105 123
106 94
107 37
108 131
109 1
110 60
111 4
112 137
113 13
114 126
115 40
116 34
117 81
118 13
119 108
120 12
121 129
122 6
123 107
124 39
125 70
126 128
127 56
128 22
129 121
130 135
131 44
132 3
133 74
134 130
135 146
136 6
137 106
138 41
139 9
140 95
141 14
142 110
143 60
144 23
145 119
146 114
147 55
148 86
149 143
150 39
