100
1 33
2 53
3 34
4 22
5 54
6 75
7 75
8 21
9 88
10 77
11 63
12 7
13 7
14 19
15 77
16 72
17 7
18 78
19 39
20 45
21 58
22 27
23 97
24 93
25 97
26 24
27 42
28 52
29 29
30 1
31 40
32 92
33 8
34 97
35 97
36 84
37 64
38 66
39 50
40 54
41 52
42 10
43 88
44 48
45 90
46 79
47 91
48 91
49 50
50 81
51 7
52 60
53 44
54 12
55 35
56 44
57 73
58 51
59 48
60 96
61 36
62 79
63 82
64 62
65 56
66 36
67 11
68 44
69 18
70 42
71 92
72 39
73 93
74 32
75 42
76 11
77 74
78 99
79 6
80 74
81 87
82 97
83 64
84 62
85 88
86 65
87 83
88 9
89 28
90 36
91 85
92 12
93 98
94 94
95 39
96 88
97 63
98 87
99 60
100 21
