10000
1 1762
2 6189
3 4361
4 3481
5 5145
6 1433
7 8023
8 3378
9 4821
10 2725
11 2042
12 5040
13 9229
14 4910
15 9479
16 9369
17 6520
18 6507
19 2265
20 3369
21 6216
22 5503
23 5835
24 1457
25 4500
26 2026
27 9039
28 9548
29 8355
30 7554
31 1601
32 7130
33 5172
34 7209
35 598
36 6539
37 3819
38 2588
39 4254
40 9209
41 2726
42 1752
43 1880
44 834
45 1309
46 3865
47 2517
48 3329
49 3880
50 8208
51 7668
52 8856
53 7018
54 480
55 8365
56 3148
57 4235
58 5765
59 9289
60 8093
61 8388
62 4721
63 6814
64 8625
65 803
66 8932
67 1449
68 5852
69 3615
70 424
71 5620
72 9965
73 2949
74 119
75 5863
76 5992
77 6304
78 7449
79 4218
80 9195
81 7608
82 3661
83 9369
84 7696
85 1633
86 6099
87 7216
88 8990
89 8004
90 5540
91 4725
92 7820
93 4778
94 5295
95 8278
96 4740
97 2245
98 8401
99 6343
100 5551
101 2857
102 3824
103 5390
104 6498
105 2519
106 8388
107 298
108 7877
109 651
110 4883
111 733
112 1500
113 9003
114 999
115 4970
116 5348
117 5776
118 6270
119 2937
120 4907
121 4529
122 9309
123 3944
124 2764
125 6362
126 2146
127 4012
128 390
129 700
130 165
131 6229
132 7017
133 6766
134 5689
135 7327
136 9900
137 6065
138 1477
139 6436
140 7037
141 7649
142 2058
143 8047
144 9974
145 8119
146 1633
147 9148
148 7432
149 2475
150 7123
151 6460
152 4807
153 711
154 6755
155 9124
156 3890
157 9127
158 6107
159 2852
160 7005
161 1516
162 594
163 5013
164 189
165 544
166 6007
167 4860
168 1823
169 148
170 6061
171 507
172 8965
173 3750
174 2627
175 5815
176 5982
177 7470
178 7871
179 4500
180 7953
181 5766
182 7638
183 3772
184 1094
185 1818
186 6938
187 7470
188 5329
189 9893
190 3457
191 3331
192 4268
193 5947
194 7022
195 7980
196 4095
197 8325
198 270
199 7528
200 3535
201 999
202 5617
203 6738
204 7632
205 6030
206 7122
207 262
208 1320
209 5413
210 8149
211 4612
212 7522
213 1030
214 301
215 9597
216 1308
217 1261
218 2599
219 7755
220 1677
221 200
222 5846
223 7837
224 3254
225 4427
226 9995
227 8623
228 6532
229 6705
230 1281
231 2760
232 9055
233 1917
234 1267
235 861
236 9235
237 653
238 6523
239 4243
240 1208
241 3024
242 8055
243 3889
244 9072
245 7310
246 2409
247 4612
248 7868
249 5686
250 8348
251 9885
252 8987
253 1285
254 2895
255 3189
256 6560
257 6034
258 8463
259 7856
260 2015
261 4007
262 2789
263 3167
264 5269
265 5961
266 3784
267 8624
268 2305
269 760
270 2913
271 2848
272 6946
273 6994
274 9786
275 2432
276 6270
277 1682
278 7297
279 5445
280 7596
281 2471
282 1055
283 4985
284 5870
285 6559
286 9135
287 4864
288 8879
289 8514
290 9021
291 5429
292 7125
293 7914
294 1917
295 7410
296 6243
297 4672
298 7749
299 5598
300 5198
301 754
302 4584
303 6161
304 3578
305 3200
306 1984
307 6723
308 9296
309 1015
310 2679
311 99
312 2574
313 7013
314 8706
315 4980
316 1947
317 7882
318 2667
319 8321
320 7269
321 8143
322 9033
323 2640
324 2233
325 8705
326 5182
327 7397
328 3454
329 4774
330 7805
331 109
332 6431
333 960
334 4582
335 2043
336 867
337 6415
338 8015
339 4432
340 9931
341 7664
342 9728
343 5091
344 2551
345 7011
346 3227
347 6208
348 5461
349 3931
350 2759
351 460
352 119
353 3807
354 984
355 3735
356 5216
357 7325
358 4380
359 9994
360 6571
361 2798
362 6260
363 288
364 503
365 3269
366 4637
367 1585
368 2115
369 9744
370 7322
371 9610
372 8338
373 3505
374 4816
375 4488
376 5979
377 999
378 9069
379 3490
380 8240
381 5877
382 918
383 9127
384 3913
385 9012
386 828
387 365
388 6957
389 4484
390 4986
391 2376
392 5804
393 8509
394 5358
395 5195
396 2923
397 3381
398 7009
399 3657
400 9804
401 4682
402 8869
403 2820
404 3754
405 478
406 7386
407 9719
408 5294
409 6707
410 6573
411 5519
412 5361
413 2588
414 8205
415 9907
416 6927
417 4611
418 8395
419 9317
420 3428
421 3641
422 8077
423 4577
424 9158
425 9896
426 9135
427 2642
428 2606
429 5108
430 4552
431 1172
432 3684
433 2768
434 2260
435 9092
436 6054
437 540
438 5907
439 339
440 9076
441 6380
442 2173
443 4345
444 6619
445 1252
446 3312
447 6519
448 8029
449 1216
450 9080
451 7781
452 6858
453 6896
454 4889
455 2042
456 4893
457 2497
458 7244
459 3913
460 5236
461 4790
462 436
463 4696
464 2029
465 8805
466 4460
467 5261
468 4746
469 2942
470 6431
471 1105
472 9265
473 38
474 7843
475 7014
476 5411
477 5634
478 6882
479 7541
480 5927
481 4079
482 2183
483 4703
484 4290
485 1950
486 9362
487 6326
488 6308
489 5708
490 1063
491 1540
492 4002
493 8720
494 2457
495 1417
496 3580
497 1102
498 4319
499 9602
500 7083
501 1864
502 7345
503 4468
504 3497
505 3924
506 6433
507 5065
508 2252
509 7177
510 7416
511 6737
512 2704
513 6851
514 2300
515 4153
516 768
517 2086
518 5083
519 8489
520 8913
521 8831
522 1782
523 3975
524 8588
525 1621
526 2541
527 2266
528 9829
529 8671
530 819
531 8281
532 9948
533 7727
534 5790
535 321
536 736
537 6908
538 845
539 3349
540 171
541 909
542 838
543 7024
544 5102
545 513
546 59
547 4774
548 8969
549 5340
550 9400
551 7944
552 2615
553 5980
554 8060
555 6967
556 2484
557 3546
558 7042
559 4544
560 6220
561 4635
562 5467
563 2197
564 8162
565 1558
566 5801
567 4812
568 1897
569 8416
570 4506
571 6720
572 2035
573 3251
574 2463
575 725
576 8195
577 6589
578 8744
579 7722
580 3457
581 3045
582 47
583 2103
584 6297
585 2504
586 2013
587 8998
588 9376
589 7825
590 2380
591 5262
592 5589
593 2008
594 3947
595 9705
596 8320
597 4929
598 3527
599 2760
600 2954
601 677
602 5804
603 2509
604 8808
605 8398
606 8040
607 6181
608 9525
609 7419
610 5672
611 3273
612 2330
613 8499
614 9058
615 3369
616 4845
617 5799
618 2894
619 4505
620 2436
621 8384
622 9585
623 6472
624 5796
625 4728
626 1799
627 4331
628 4586
629 1060
630 6876
631 8201
632 8437
633 9791
634 1816
635 2511
636 8926
637 2834
638 4613
639 6180
640 2102
641 7886
642 6622
643 7798
644 8906
645 428
646 8133
647 4227
648 2885
649 4796
650 9217
651 1972
652 7283
653 5403
654 8755
655 9556
656 669
657 7552
658 6771
659 4702
660 837
661 8788
662 4124
663 1364
664 1072
665 7457
666 3408
667 8188
668 6715
669 3955
670 3033
671 8149
672 9627
673 1628
674 2446
675 8471
676 7141
677 8452
678 2238
679 7784
680 166
681 9389
682 3995
683 3451
684 5969
685 2916
686 7846
687 1236
688 9603
689 3779
690 1428
691 422
692 292
693 4996
694 2362
695 6349
696 45
697 5184
698 5994
699 1719
700 4624
701 3174
702 2185
703 4284
704 5048
705 2215
706 4140
707 4815
708 2622
709 8749
710 4767
711 6413
712 1893
713 1228
714 2881
715 1667
716 5571
717 433
718 8672
719 2460
720 5068
721 3719
722 4316
723 7335
724 556
725 5320
726 1259
727 8071
728 8929
729 4560
730 5176
731 4740
732 5459
733 7598
734 9449
735 2622
736 5105
737 1524
738 8204
739 562
740 2713
741 8093
742 3532
743 438
744 1508
745 9870
746 3654
747 5838
748 4156
749 5
750 866
751 9825
752 7818
753 6526
754 1393
755 5205
756 8848
757 6965
758 7602
759 854
760 1424
761 1893
762 1824
763 6582
764 8423
765 8207
766 6396
767 5343
768 9034
769 502
770 594
771 6948
772 1323
773 9015
774 202
775 4917
776 9384
777 3127
778 4158
779 4273
780 5952
781 20
782 2131
783 678
784 5427
785 5357
786 3302
787 1140
788 7237
789 5326
790 6916
791 1567
792 6750
793 675
794 150
795 9379
796 689
797 9997
798 8967
799 1538
800 551
801 3347
802 3539
803 4553
804 9175
805 9696
806 557
807 2833
808 3013
809 9930
810 5101
811 17
812 3764
813 6339
814 4677
815 5488
816 2297
817 8728
818 3727
819 5304
820 4414
821 8951
822 5989
823 3718
824 6383
825 3005
826 5212
827 7134
828 7124
829 8749
830 1117
831 2748
832 3995
833 7725
834 3777
835 5637
836 6130
837 7691
838 905
839 4476
840 6878
841 1996
842 4952
843 4336
844 715
845 1909
846 8765
847 114
848 6513
849 7891
850 6432
851 9797
852 2879
853 3844
854 7752
855 5966
856 8806
857 1544
858 727
859 8011
860 3909
861 4354
862 3763
863 256
864 1052
865 3945
866 4610
867 1372
868 639
869 6620
870 2609
871 9722
872 1817
873 706
874 7937
875 6916
876 6538
877 2910
878 1631
879 3585
880 8175
881 8529
882 8782
883 5231
884 8205
885 4346
886 7202
887 3356
888 9129
889 9480
890 9004
891 3422
892 3015
893 1585
894 1789
895 9619
896 1629
897 5579
898 1945
899 7682
900 6786
901 7511
902 5482
903 8272
904 9593
905 1021
906 6846
907 3759
908 8468
909 9603
910 6206
911 2129
912 2807
913 5895
914 9355
915 3178
916 8171
917 3228
918 9671
919 7683
920 1179
921 6561
922 2125
923 203
924 4094
925 8364
926 9055
927 4248
928 8833
929 7142
930 634
931 4347
932 9408
933 8640
934 2936
935 2770
936 9793
937 6036
938 1634
939 3687
940 5054
941 182
942 639
943 7765
944 9901
945 6841
946 8525
947 1722
948 4925
949 5662
950 9067
951 7752
952 1071
953 4903
954 3376
955 6886
956 4655
957 7833
958 3356
959 5412
960 125
961 656
962 4810
963 5292
964 1260
965 28
966 590
967 6243
968 871
969 7609
970 7424
971 782
972 1739
973 8397
974 5845
975 9634
976 7349
977 4475
978 295
979 4307
980 8904
981 2532
982 2369
983 6878
984 6651
985 9917
986 9096
987 5891
988 2109
989 8859
990 6553
991 7514
992 6086
993 2779
994 7563
995 2135
996 3803
997 894
998 161
999 6071
1000 9037
1001 6818
1002 5487
1003 7194
1004 9359
1005 5932
1006 5621
1007 9755
1008 1954
1009 8768
1010 1693
1011 1562
1012 4703
1013 3843
1014 8429
1015 5002
1016 8529
1017 1144
1018 2538
1019 630
1020 2220
1021 5751
1022 8297
1023 5327
1024 7118
1025 828
1026 8275
1027 5409
1028 7200
1029 1899
1030 3284
1031 516
1032 4008
1033 8609
1034 8320
1035 3645
1036 7247
1037 1381
1038 323
1039 5172
1040 2314
1041 8846
1042 6131
1043 9121
1044 5191
1045 2414
1046 325
1047 7920
1048 9702
1049 4428
1050 7208
1051 2179
1052 7793
1053 7360
1054 9649
1055 6503
1056 5194
1057 8551
1058 1044
1059 5262
1060 5007
1061 2918
1062 8733
1063 5291
1064 844
1065 2618
1066 296
1067 9485
1068 8174
1069 2110
1070 1219
1071 1010
1072 351
1073 3111
1074 5261
1075 5853
1076 2163
1077 9561
1078 2139
1079 3827
1080 3118
1081 2237
1082 8695
1083 3566
1084 7280
1085 5386
1086 6389
1087 5092
1088 1646
1089 7951
1090 900
1091 4418
1092 3357
1093 4787
1094 4157
1095 8242
1096 6749
1097 2787
1098 9708
1099 445
1100 5329
1101 6346
1102 7464
1103 9785
1104 5223
1105 7408
1106 1152
1107 4306
1108 2408
1109 937
1110 8227
1111 1703
1112 1469
1113 7214
1114 444
1115 9164
1116 795
1117 7481
1118 3289
1119 4941
1120 7166
1121 9113
1122 1926
1123 754
1124 366
1125 1174
1126 7579
1127 4061
1128 319
1129 430
1130 5551
1131 400
1132 8299
1133 5454
1134 1175
1135 6220
1136 3300
1137 3724
1138 8719
1139 8853
1140 5721
1141 7185
1142 3395
1143 7697
1144 7639
1145 5508
1146 3418
1147 9807
1148 6313
1149 7793
1150 2672
1151 8548
1152 8925
1153 8777
1154 9519
1155 2816
1156 5572
1157 6995
1158 7865
1159 6159
1160 3990
1161 4224
1162 181
1163 2732
1164 5680
1165 8205
1166 1347
1167 8320
1168 395
1169 5041
1170 7661
1171 4296
1172 7642
1173 8405
1174 8253
1175 3477
1176 9264
1177 2643
1178 8901
1179 316
1180 4891
1181 1367
1182 8271
1183 2285
1184 6257
1185 563
1186 2801
1187 2385
1188 293
1189 1679
1190 9676
1191 8589
1192 2582
1193 7293
1194 5762
1195 5684
1196 7637
1197 763
1198 6817
1199 1240
1200 65
1201 8145
1202 64
1203 8529
1204 4832
1205 3306
1206 7253
1207 9878
1208 6524
1209 9039
1210 1537
1211 2743
1212 5143
1213 3279
1214 9977
1215 1550
1216 8733
1217 8539
1218 3874
1219 2682
1220 965
1221 8845
1222 9031
1223 7003
1224 451
1225 4857
1226 2122
1227 2732
1228 8605
1229 428
1230 5365
1231 121
1232 8744
1233 4353
1234 203
1235 6466
1236 702
1237 5938
1238 145
1239 6040
1240 6062
1241 7132
1242 7266
1243 4725
1244 6049
1245 1627
1246 115
1247 7672
1248 4820
1249 5956
1250 7220
1251 8077
1252 567
1253 8130
1254 6176
1255 3179
1256 2848
1257 3575
1258 2993
1259 4247
1260 6429
1261 5092
1262 914
1263 8423
1264 7908
1265 1717
1266 4611
1267 4512
1268 1929
1269 1587
1270 2451
1271 6672
1272 1660
1273 1917
1274 9741
1275 4504
1276 8747
1277 7025
1278 6017
1279 9489
1280 6459
1281 5571
1282 1357
1283 4176
1284 2095
1285 4368
1286 6360
1287 4132
1288 1555
1289 7805
1290 7996
1291 7819
1292 4344
1293 4696
1294 2413
1295 9812
1296 6587
1297 2560
1298 3402
1299 5360
1300 5092
1301 4833
1302 9375
1303 7506
1304 2792
1305 9319
1306 7044
1307 1061
1308 460
1309 7828
1310 9782
1311 1949
1312 9751
1313 4316
1314 3472
1315 6437
1316 2002
1317 6221
1318 4150
1319 8424
1320 9054
1321 125
1322 2317
1323 3515
1324 8450
1325 2859
1326 4330
1327 4615
1328 6432
1329 8856
1330 2806
1331 7780
1332 4323
1333 9470
1334 1434
1335 4289
1336 7368
1337 7166
1338 1485
1339 7265
1340 9269
1341 1864
1342 4087
1343 7615
1344 6970
1345 5779
1346 9825
1347 7538
1348 8387
1349 268
1350 7660
1351 5179
1352 8871
1353 8091
1354 2954
1355 5915
1356 736
1357 8754
1358 2477
1359 3458
1360 5383
1361 95
1362 1658
1363 7826
1364 3547
1365 3312
1366 4456
1367 4562
1368 7758
1369 3046
1370 5099
1371 6238
1372 4428
1373 2018
1374 8952
1375 3452
1376 2809
1377 4331
1378 8325
1379 5977
1380 9158
1381 7250
1382 5247
1383 8546
1384 3632
1385 3373
1386 8054
1387 3919
1388 6773
1389 5504
1390 9817
1391 5481
1392 8227
1393 890
1394 8153
1395 1245
1396 9727
1397 9434
1398 365
1399 6616
1400 7231
1401 3826
1402 5522
1403 8178
1404 485
1405 1140
1406 2796
1407 375
1408 5720
1409 7194
1410 9566
1411 6000
1412 352
1413 2146
1414 9426
1415 4849
1416 8222
1417 6981
1418 5653
1419 4491
1420 726
1421 1529
1422 994
1423 1985
1424 6010
1425 1068
1426 6105
1427 4600
1428 3540
1429 5009
1430 6924
1431 5704
1432 8047
1433 6647
1434 8518
1435 255
1436 8691
1437 4340
1438 7033
1439 9157
1440 1595
1441 6130
1442 7218
1443 4426
1444 6308
1445 6144
1446 666
1447 9659
1448 4437
1449 665
1450 924
1451 3363
1452 7734
1453 8417
1454 8734
1455 862
1456 4910
1457 5499
1458 3214
1459 3145
1460 3629
1461 231
1462 7322
1463 6613
1464 1714
1465 6169
1466 5340
1467 5211
1468 3050
1469 8838
1470 4128
1471 2617
1472 8902
1473 8152
1474 8884
1475 1370
1476 7303
1477 3520
1478 6395
1479 7684
1480 4249
1481 4394
1482 925
1483 5083
1484 905
1485 3628
1486 31
1487 5651
1488 3972
1489 2761
1490 5194
1491 7266
1492 2878
1493 242
1494 5067
1495 7140
1496 5372
1497 460
1498 5926
1499 5736
1500 126
1501 9437
1502 5560
1503 9576
1504 9804
1505 1263
1506 8888
1507 6118
1508 5260
1509 407
1510 4472
1511 3393
1512 3758
1513 4479
1514 4350
1515 4487
1516 6628
1517 4191
1518 3961
1519 6325
1520 4193
1521 7195
1522 1107
1523 5817
1524 8396
1525 9030
1526 2370
1527 504
1528 6817
1529 9492
1530 7754
1531 1196
1532 8900
1533 5085
1534 2291
1535 3461
1536 35
1537 3677
1538 7890
1539 4177
1540 696
1541 2936
1542 8358
1543 5398
1544 5751
1545 6011
1546 4177
1547 3179
1548 842
1549 8877
1550 7650
1551 103
1552 8215
1553 8853
1554 7115
1555 6129
1556 8794
1557 5381
1558 4788
1559 9734
1560 116
1561 4292
1562 8763
1563 137
1564 7088
1565 234
1566 7029
1567 6197
1568 158
1569 8196
1570 2790
1571 8542
1572 3150
1573 1863
1574 1209
1575 7926
1576 122
1577 4993
1578 732
1579 2715
1580 8096
1581 5963
1582 9260
1583 3053
1584 2331
1585 5066
1586 7928
1587 3614
1588 7069
1589 4469
1590 2052
1591 50
1592 8107
1593 4801
1594 9581
1595 7845
1596 1157
1597 9048
1598 7123
1599 1212
1600 6528
1601 889
1602 5912
1603 7555
1604 8258
1605 216
1606 3428
1607 5110
1608 9370
1609 2102
1610 9539
1611 9147
1612 745
1613 1227
1614 9963
1615 2669
1616 1793
1617 8032
1618 7613
1619 9939
1620 8072
1621 537
1622 4215
1623 4031
1624 7240
1625 6751
1626 5236
1627 1571
1628 3751
1629 8060
1630 6529
1631 5501
1632 7294
1633 9520
1634 3789
1635 2499
1636 4793
1637 3776
1638 1036
1639 2489
1640 6426
1641 7070
1642 1336
1643 4400
1644 7290
1645 2483
1646 1301
1647 5816
1648 4780
1649 9545
1650 9726
1651 9846
1652 7935
1653 5222
1654 4929
1655 1265
1656 257
1657 3602
1658 7108
1659 4326
1660 7515
1661 6265
1662 3011
1663 3516
1664 6205
1665 6268
1666 7928
1667 6386
1668 7270
1669 3634
1670 2085
1671 7556
1672 6751
1673 1868
1674 2432
1675 8060
1676 2613
1677 1639
1678 4091
1679 8485
1680 4274
1681 3514
1682 5184
1683 9242
1684 3495
1685 9806
1686 7334
1687 8893
1688 1208
1689 9133
1690 722
1691 2836
1692 3620
1693 5428
1694 7932
1695 5518
1696 7935
1697 5618
1698 1405
1699 6820
1700 9598
1701 9827
1702 7410
1703 7514
1704 9918
1705 3702
1706 8032
1707 9524
1708 6545
1709 8697
1710 5444
1711 6437
1712 5878
1713 5622
1714 4853
1715 2883
1716 1908
1717 2983
1718 2489
1719 8519
1720 1954
1721 6294
1722 128
1723 5808
1724 214
1725 8767
1726 1409
1727 4103
1728 5689
1729 4774
1730 272
1731 9357
1732 1460
1733 9749
1734 1320
1735 3504
1736 2761
1737 9502
1738 9546
1739 9740
1740 7839
1741 2351
1742 5682
1743 3071
1744 6123
1745 1715
1746 4355
1747 3333
1748 6616
1749 3493
1750 3119
1751 7538
1752 6420
1753 7391
1754 4484
1755 6366
1756 294
1757 2560
1758 8166
1759 3434
1760 8431
1761 4652
1762 4437
1763 3057
1764 2092
1765 7646
1766 7563
1767 4617
1768 4853
1769 7529
1770 1364
1771 5193
1772 2965
1773 2636
1774 8650
1775 4532
1776 503
1777 5091
1778 60
1779 5860
1780 2569
1781 6506
1782 27
1783 2370
1784 912
1785 5133
1786 4049
1787 4802
1788 7608
1789 6122
1790 9694
1791 3003
1792 6053
1793 7992
1794 3360
1795 51
1796 4219
1797 6993
1798 2398
1799 2026
1800 1766
1801 8587
1802 529
1803 7709
1804 4775
1805 996
1806 5584
1807 7579
1808 8332
1809 9003
1810 4470
1811 20
1812 6027
1813 2060
1814 7346
1815 701
1816 8554
1817 1491
1818 3659
1819 6431
1820 9150
1821 5650
1822 2526
1823 5856
1824 2159
1825 7101
1826 9334
1827 8377
1828 9716
1829 1379
1830 4838
1831 9382
1832 5248
1833 4343
1834 7765
1835 4749
1836 6920
1837 8764
1838 5191
1839 5510
1840 3695
1841 639
1842 8324
1843 6361
1844 5377
1845 62
1846 9512
1847 1844
1848 8840
1849 8103
1850 3047
1851 1531
1852 4062
1853 9147
1854 6458
1855 3226
1856 9376
1857 1425
1858 2873
1859 8823
1860 5563
1861 9094
1862 4935
1863 6850
1864 9431
1865 2690
1866 597
1867 9166
1868 4508
1869 6695
1870 6356
1871 6841
1872 1332
1873 5843
1874 4795
1875 2519
1876 3839
1877 52
1878 3552
1879 9901
1880 9533
1881 3803
1882 9095
1883 8617
1884 1692
1885 6969
1886 4421
1887 6351
1888 9710
1889 278
1890 3935
1891 6671
1892 5173
1893 7984
1894 6404
1895 2354
1896 2062
1897 1840
1898 3091
1899 6738
1900 4152
1901 2105
1902 571
1903 2185
1904 6847
1905 6266
1906 9469
1907 8898
1908 6826
1909 5651
1910 3103
1911 3148
1912 9101
1913 4516
1914 8592
1915 8861
1916 5243
1917 4528
1918 2180
1919 3747
1920 6219
1921 7168
1922 7947
1923 2182
1924 7174
1925 485
1926 6482
1927 105
1928 1771
1929 645
1930 3237
1931 3999
1932 6607
1933 6935
1934 8063
1935 6442
1936 3748
1937 9017
1938 9712
1939 9278
1940 3893
1941 8350
1942 3961
1943 7972
1944 2443
1945 9334
1946 3863
1947 3851
1948 6351
1949 2245
1950 5210
1951 7545
1952 941
1953 5637
1954 3073
1955 5024
1956 9697
1957 7975
1958 9172
1959 2699
1960 5888
1961 4005
1962 2478
1963 311
1964 2454
1965 7059
1966 4469
1967 2847
1968 1031
1969 7796
1970 3462
1971 6415
1972 9940
1973 3289
1974 4194
1975 122
1976 9853
1977 6244
1978 1599
1979 5431
1980 8893
1981 3195
1982 5404
1983 3414
1984 3062
1985 6679
1986 9590
1987 2849
1988 9290
1989 3436
1990 9376
1991 493
1992 5123
1993 3555
1994 6402
1995 2000
1996 6720
1997 6307
1998 1200
1999 7052
2000 3132
2001 3007
2002 1061
2003 1753
2004 2764
2005 4377
2006 381
2007 7666
2008 2917
2009 2291
2010 4572
2011 6997
2012 1960
2013 2598
2014 9422
2015 478
2016 3339
2017 524
2018 7788
2019 5709
2020 870
2021 2599
2022 8519
2023 2787
2024 2438
2025 6277
2026 4885
2027 5196
2028 9249
2029 7003
2030 1893
2031 3750
2032 3127
2033 4174
2034 1920
2035 6353
2036 9857
2037 6800
2038 8286
2039 3022
2040 2712
2041 1495
2042 8306
2043 8761
2044 5589
2045 2170
2046 7940
2047 5763
2048 1601
2049 2565
2050 1641
2051 9080
2052 9464
2053 6109
2054 7552
2055 8864
2056 7022
2057 7309
2058 7035
2059 49
2060 3198
2061 749
2062 2424
2063 8865
2064 9243
2065 4980
2066 7868
2067 1465
2068 4389
2069 2532
2070 5195
2071 5893
2072 9531
2073 4500
2074 4406
2075 4472
2076 5783
2077 6444
2078 1825
2079 5820
2080 362
2081 4601
2082 2751
2083 7319
2084 6772
2085 992
2086 493
2087 8265
2088 1520
2089 815
2090 185
2091 7042
2092 9146
2093 3039
2094 6189
2095 768
2096 7326
2097 8854
2098 9579
2099 1270
2100 5726
2101 7817
2102 3030
2103 2553
2104 2192
2105 5982
2106 6010
2107 6564
2108 402
2109 3823
2110 7450
2111 5691
2112 1659
2113 7643
2114 7364
2115 5724
2116 3039
2117 4214
2118 6163
2119 913
2120 702
2121 7761
2122 9089
2123 8450
2124 3817
2125 9860
2126 9303
2127 4104
2128 9314
2129 696
2130 5090
2131 5132
2132 9248
2133 5409
2134 9491
2135 510
2136 2412
2137 7432
2138 6260
2139 1954
2140 9755
2141 551
2142 1762
2143 7764
2144 6215
2145 718
2146 7307
2147 3036
2148 8332
2149 3651
2150 6006
2151 1757
2152 3405
2153 789
2154 8233
2155 5559
2156 1584
2157 17
2158 1066
2159 1948
2160 1325
2161 6573
2162 5862
2163 6736
2164 7998
2165 6098
2166 4568
2167 3177
2168 8883
2169 408
2170 775
2171 1670
2172 8181
2173 5897
2174 1774
2175 6092
2176 2308
2177 4087
2178 4937
2179 8892
2180 80
2181 3721
2182 8329
2183 928
2184 496
2185 6016
2186 6228
2187 3588
2188 5171
2189 265
2190 2460
2191 1393
2192 7745
2193 6731
2194 6938
2195 1668
2196 3516
2197 2271
2198 5879
2199 8142
2200 1816
2201 5152
2202 4903
2203 1124
2204 8453
2205 9176
2206 2994
2207 6119
2208 6021
2209 330
2210 3776
2211 9006
2212 9886
2213 5998
2214 2161
2215 9231
2216 1517
2217 9222
2218 2374
2219 5340
2220 1029
2221 752
2222 9087
2223 4634
2224 7763
2225 3860
2226 3586
2227 7421
2228 4031
2229 3469
2230 7636
2231 7216
2232 2609
2233 1572
2234 5928
2235 1521
2236 2573
2237 3528
2238 3217
2239 3528
2240 6605
2241 9722
2242 2214
2243 727
2244 8618
2245 2453
2246 7521
2247 4557
2248 6407
2249 843
2250 8963
2251 4197
2252 4730
2253 8810
2254 7560
2255 3740
2256 8599
2257 3741
2258 2034
2259 9136
2260 5482
2261 335
2262 9381
2263 1027
2264 2209
2265 5466
2266 3694
2267 7311
2268 9044
2269 4237
2270 673
2271 2963
2272 1474
2273 1725
2274 6669
2275 3612
2276 2409
2277 978
2278 6382
2279 2815
2280 8738
2281 6994
2282 8447
2283 6770
2284 7382
2285 2923
2286 922
2287 1610
2288 2241
2289 330
2290 4110
2291 5871
2292 3554
2293 1497
2294 2796
2295 8092
2296 1899
2297 9924
2298 654
2299 7619
2300 300
2301 1100
2302 6579
2303 9518
2304 2646
2305 8053
2306 1339
2307 8607
2308 6110
2309 6378
2310 732
2311 1544
2312 9441
2313 3073
2314 7295
2315 6791
2316 3950
2317 5048
2318 8330
2319 265
2320 3477
2321 8622
2322 7611
2323 7216
2324 2058
2325 9663
2326 189
2327 5727
2328 9957
2329 7399
2330 5866
2331 2642
2332 2841
2333 6280
2334 3950
2335 9274
2336 2831
2337 3623
2338 1059
2339 5782
2340 1310
2341 2560
2342 1454
2343 2637
2344 153
2345 7978
2346 1062
2347 4072
2348 2598
2349 4180
2350 9308
2351 2749
2352 2118
2353 3727
2354 9755
2355 3125
2356 8806
2357 9014
2358 6462
2359 847
2360 9905
2361 4247
2362 9368
2363 7790
2364 2944
2365 5141
2366 6212
2367 3437
2368 8367
2369 967
2370 8041
2371 787
2372 7212
2373 4920
2374 2553
2375 2210
2376 8943
2377 6193
2378 1559
2379 7401
2380 3105
2381 6260
2382 8611
2383 9529
2384 9482
2385 9599
2386 8260
2387 2340
2388 8779
2389 3440
2390 3680
2391 8145
2392 996
2393 9576
2394 6715
2395 4572
2396 9780
2397 8232
2398 9369
2399 9755
2400 3691
2401 632
2402 5378
2403 9740
2404 7021
2405 3799
2406 4177
2407 7818
2408 2949
2409 8860
2410 7128
2411 9806
2412 83
2413 1803
2414 1076
2415 7569
2416 2580
2417 6691
2418 777
2419 1199
2420 6412
2421 7972
2422 1850
2423 2616
2424 2051
2425 1037
2426 3079
2427 6513
2428 3993
2429 7060
2430 3987
2431 8343
2432 8071
2433 5999
2434 8064
2435 2019
2436 1652
2437 5423
2438 5706
2439 1065
2440 8816
2441 1629
2442 1357
2443 3291
2444 9728
2445 9869
2446 2611
2447 6730
2448 6215
2449 7502
2450 1134
2451 5628
2452 846
2453 5635
2454 8638
2455 4057
2456 352
2457 7756
2458 8464
2459 4511
2460 980
2461 77
2462 6116
2463 1286
2464 3863
2465 2320
2466 1609
2467 1486
2468 2725
2469 5815
2470 343
2471 132
2472 3684
2473 4345
2474 7608
2475 1220
2476 1374
2477 6926
2478 8339
2479 2360
2480 9145
2481 3622
2482 423
2483 6350
2484 164
2485 4675
2486 3537
2487 2263
2488 3776
2489 1959
2490 586
2491 2652
2492 6920
2493 6103
2494 4529
2495 2987
2496 6223
2497 5455
2498 992
2499 80
2500 4645
2501 6640
2502 6940
2503 7823
2504 325
2505 2100
2506 110
2507 9357
2508 7166
2509 2178
2510 6074
2511 8046
2512 28
2513 8093
2514 9225
2515 8904
2516 3186
2517 391
2518 5447
2519 9607
2520 3511
2521 1395
2522 8874
2523 874
2524 5866
2525 9847
2526 5821
2527 6875
2528 5970
2529 6848
2530 9913
2531 5372
2532 423
2533 7680
2534 3455
2535 8589
2536 9191
2537 1506
2538 5572
2539 3738
2540 7366
2541 6846
2542 2345
2543 6320
2544 9205
2545 8328
2546 2918
2547 7024
2548 2957
2549 3683
2550 2931
2551 1740
2552 6360
2553 451
2554 7075
2555 7967
2556 8637
2557 272
2558 2301
2559 4874
2560 4982
2561 9958
2562 5800
2563 5912
2564 8479
2565 6777
2566 4802
2567 7426
2568 142
2569 4134
2570 4877
2571 9775
2572 1193
2573 5317
2574 7414
2575 5875
2576 8376
2577 6107
2578 5556
2579 7161
2580 1432
2581 6924
2582 1546
2583 6363
2584 4937
2585 8413
2586 4281
2587 6830
2588 9253
2589 6470
2590 8693
2591 4043
2592 142
2593 6454
2594 3345
2595 8759
2596 4130
2597 6274
2598 7881
2599 452
2600 5549
2601 8566
2602 7069
2603 2784
2604 2220
2605 9308
2606 2837
2607 9563
2608 825
2609 6361
2610 5750
2611 7191
2612 456
2613 996
2614 8303
2615 1192
2616 5549
2617 1011
2618 1728
2619 8426
2620 2103
2621 1918
2622 9608
2623 2338
2624 8877
2625 7636
2626 5560
2627 5629
2628 7460
2629 9756
2630 3706
2631 4644
2632 378
2633 4196
2634 4488
2635 7985
2636 5794
2637 9557
2638 714
2639 539
2640 364
2641 2104
2642 1120
2643 989
2644 1104
2645 4385
2646 2391
2647 2694
2648 4919
2649 7226
2650 8140
2651 4233
2652 8534
2653 8939
2654 2443
2655 1540
2656 5144
2657 1028
2658 5250
2659 6765
2660 9527
2661 7997
2662 2103
2663 2105
2664 6343
2665 7429
2666 66
2667 38
2668 6415
2669 6630
2670 3736
2671 264
2672 5285
2673 5434
2674 1238
2675 1521
2676 4852
2677 7895
2678 8438
2679 5785
2680 6493
2681 7621
2682 2609
2683 3726
2684 663
2685 6961
2686 9969
2687 7540
2688 516
2689 2202
2690 5762
2691 6125
2692 370
2693 6024
2694 8116
2695 6868
2696 3994
2697 6668
2698 3071
2699 6644
2700 9848
2701 6675
2702 8676
2703 6405
2704 3864
2705 1044
2706 9948
2707 3574
2708 6761
2709 2233
2710 2384
2711 8886
2712 5441
2713 3338
2714 5076
2715 9548
2716 2589
2717 8276
2718 6592
2719 6855
2720 9491
2721 8121
2722 8508
2723 3344
2724 7222
2725 4097
2726 7335
2727 9196
2728 2517
2729 7119
2730 2548
2731 9789
2732 3424
2733 3582
2734 4322
2735 2599
2736 5816
2737 6746
2738 3479
2739 5952
2740 4947
2741 5003
2742 840
2743 5345
2744 1496
2745 4859
2746 5287
2747 2185
2748 4365
2749 6777
2750 7946
2751 4961
2752 3434
2753 5718
2754 2596
2755 1610
2756 1833
2757 8749
2758 3858
2759 9586
2760 173
2761 2624
2762 5428
2763 246
2764 140
2765 5037
2766 3797
2767 1761
2768 5179
2769 4607
2770 4281
2771 4947
2772 6660
2773 2321
2774 9411
2775 9405
2776 2374
2777 6845
2778 3008
2779 552
2780 5258
2781 2179
2782 2275
2783 9221
2784 5213
2785 229
2786 3806
2787 8671
2788 6926
2789 6911
2790 1657
2791 6621
2792 1510
2793 5300
2794 8819
2795 2419
2796 3647
2797 7923
2798 386
2799 5720
2800 4675
2801 56
2802 8904
2803 5635
2804 8898
2805 9839
2806 852
2807 5710
2808 2191
2809 1796
2810 354
2811 4797
2812 1528
2813 9238
2814 5280
2815 5272
2816 2336
2817 4986
2818 3102
2819 7395
2820 7418
2821 6459
2822 6818
2823 3711
2824 9796
2825 6926
2826 9669
2827 553
2828 2574
2829 8308
2830 4093
2831 6768
2832 1509
2833 8889
2834 6055
2835 2564
2836 2785
2837 8394
2838 4896
2839 1594
2840 1415
2841 6260
2842 4433
2843 3132
2844 7964
2845 3270
2846 2965
2847 3533
2848 9031
2849 2040
2850 8009
2851 282
2852 7952
2853 7957
2854 463
2855 2252
2856 3531
2857 3540
2858 5774
2859 7178
2860 2908
2861 1861
2862 2649
2863 7164
2864 8294
2865 8598
2866 5994
2867 970
2868 724
2869 4469
2870 7099
2871 194
2872 1810
2873 336
2874 4817
2875 1945
2876 5001
2877 3368
2878 6198
2879 1065
2880 8709
2881 9652
2882 3521
2883 952
2884 9653
2885 5650
2886 4324
2887 7465
2888 2639
2889 1656
2890 9826
2891 8332
2892 4301
2893 601
2894 555
2895 8800
2896 2568
2897 307
2898 9301
2899 1977
2900 3679
2901 2709
2902 6521
2903 2588
2904 1156
2905 5133
2906 5911
2907 9816
2908 6771
2909 159
2910 4214
2911 8831
2912 7952
2913 3186
2914 6956
2915 1345
2916 8860
2917 1413
2918 6998
2919 6041
2920 1571
2921 4303
2922 9142
2923 193
2924 3622
2925 9956
2926 3382
2927 9057
2928 5232
2929 1379
2930 8605
2931 85
2932 2167
2933 8524
2934 3373
2935 60
2936 3776
2937 3647
2938 5093
2939 220
2940 4735
2941 3968
2942 9834
2943 8083
2944 5594
2945 6774
2946 6669
2947 9417
2948 6713
2949 658
2950 7433
2951 8241
2952 4669
2953 7613
2954 3964
2955 2366
2956 410
2957 3355
2958 9296
2959 4931
2960 2978
2961 1467
2962 756
2963 6530
2964 8191
2965 992
2966 6443
2967 4309
2968 4492
2969 4058
2970 6577
2971 3803
2972 480
2973 7517
2974 790
2975 5803
2976 4969
2977 2724
2978 6600
2979 3620
2980 8017
2981 9438
2982 2753
2983 8277
2984 9504
2985 8982
2986 4282
2987 4472
2988 7005
2989 3216
2990 3946
2991 7945
2992 450
2993 1807
2994 4672
2995 3044
2996 75
2997 1380
2998 5897
2999 4156
3000 7562
3001 5505
3002 8334
3003 7320
3004 8571
3005 1740
3006 8301
3007 5481
3008 8671
3009 6287
3010 3874
3011 6934
3012 8375
3013 3500
3014 4129
3015 2664
3016 1535
3017 509
3018 9555
3019 322
3020 6932
3021 2313
3022 7179
3023 5447
3024 1124
3025 3491
3026 436
3027 7023
3028 7296
3029 8189
3030 3145
3031 1253
3032 3520
3033 5466
3034 1216
3035 2152
3036 451
3037 8016
3038 7300
3039 737
3040 5537
3041 7356
3042 3037
3043 8500
3044 9536
3045 3008
3046 9822
3047 7807
3048 6623
3049 4823
3050 7083
3051 8927
3052 8771
3053 8826
3054 7701
3055 1874
3056 491
3057 7227
3058 3252
3059 5208
3060 5506
3061 654
3062 2447
3063 3922
3064 3696
3065 1367
3066 2779
3067 7853
3068 8397
3069 686
3070 5534
3071 3336
3072 4612
3073 6447
3074 6063
3075 336
3076 3007
3077 1102
3078 732
3079 5677
3080 5925
3081 2536
3082 7878
3083 6869
3084 8412
3085 9877
3086 2141
3087 1806
3088 8909
3089 1002
3090 420
3091 8769
3092 6963
3093 8763
3094 529
3095 9194
3096 8175
3097 7453
3098 6131
3099 1500
3100 8636
3101 5177
3102 800
3103 5793
3104 5098
3105 8684
3106 8170
3107 8959
3108 2009
3109 1771
3110 7710
3111 2118
3112 5811
3113 2084
3114 4697
3115 1014
3116 3974
3117 4304
3118 8550
3119 2046
3120 9580
3121 3013
3122 5048
3123 1503
3124 4809
3125 6200
3126 6033
3127 255
3128 4145
3129 5887
3130 1725
3131 3833
3132 6404
3133 8165
3134 4350
3135 2977
3136 2231
3137 2886
3138 3876
3139 197
3140 9808
3141 3322
3142 2329
3143 672
3144 7470
3145 8495
3146 5814
3147 8136
3148 7330
3149 2014
3150 646
3151 1031
3152 7838
3153 8848
3154 3605
3155 5782
3156 40
3157 4394
3158 1588
3159 213
3160 8490
3161 6755
3162 3100
3163 1320
3164 6522
3165 8886
3166 3243
3167 5596
3168 2913
3169 8658
3170 9808
3171 5255
3172 8155
3173 2111
3174 2928
3175 8204
3176 3418
3177 9132
3178 7315
3179 7582
3180 1014
3181 7172
3182 3790
3183 5372
3184 277
3185 2991
3186 9389
3187 7019
3188 5971
3189 6788
3190 301
3191 9521
3192 4558
3193 7707
3194 291
3195 6781
3196 7665
3197 5056
3198 8061
3199 9029
3200 1723
3201 6821
3202 8691
3203 6455
3204 3979
3205 5519
3206 6952
3207 401
3208 4507
3209 9184
3210 2067
3211 2603
3212 7142
3213 677
3214 8885
3215 3730
3216 3302
3217 9045
3218 4310
3219 7776
3220 8110
3221 570
3222 2033
3223 4167
3224 4929
3225 8044
3226 9768
3227 4173
3228 7694
3229 7368
3230 7669
3231 8512
3232 1289
3233 8656
3234 4559
3235 4106
3236 9846
3237 5181
3238 7621
3239 7296
3240 1140
3241 7775
3242 5322
3243 3925
3244 2772
3245 9173
3246 3533
3247 9708
3248 2341
3249 8999
3250 1171
3251 3098
3252 574
3253 4976
3254 9636
3255 362
3256 7415
3257 6906
3258 1215
3259 9098
3260 2676
3261 354
3262 6650
3263 8850
3264 9390
3265 2282
3266 6442
3267 1285
3268 5376
3269 1229
3270 3243
3271 6096
3272 5931
3273 9357
3274 8892
3275 6431
3276 1639
3277 1592
3278 9355
3279 1135
3280 8838
3281 5673
3282 5208
3283 2654
3284 3446
3285 2459
3286 377
3287 6350
3288 4356
3289 4136
3290 8138
3291 4425
3292 3191
3293 4528
3294 4366
3295 479
3296 5824
3297 3109
3298 2454
3299 4330
3300 524
3301 5027
3302 6397
3303 6610
3304 2323
3305 1133
3306 8302
3307 4573
3308 6080
3309 8578
3310 1858
3311 2830
3312 8733
3313 4079
3314 6010
3315 6110
3316 1147
3317 2910
3318 981
3319 7880
3320 9739
3321 1612
3322 2494
3323 9870
3324 6348
3325 3144
3326 214
3327 5466
3328 1537
3329 2502
3330 9529
3331 7487
3332 3614
3333 9268
3334 3743
3335 3037
3336 6543
3337 3876
3338 9330
3339 6179
3340 3461
3341 1208
3342 3879
3343 5886
3344 6830
3345 3516
3346 9755
3347 8848
3348 9984
3349 1565
3350 8795
3351 2684
3352 3137
3353 5352
3354 1376
3355 3038
3356 1302
3357 7389
3358 645
3359 3512
3360 1047
3361 7697
3362 2614
3363 7030
3364 2043
3365 3859
3366 8663
3367 6723
3368 8229
3369 8902
3370 1310
3371 5108
3372 4682
3373 829
3374 4286
3375 5843
3376 1837
3377 1974
3378 5361
3379 9014
3380 2121
3381 2669
3382 5633
3383 9565
3384 6187
3385 8225
3386 5011
3387 2539
3388 8730
3389 6323
3390 7776
3391 7884
3392 5492
3393 6266
3394 4225
3395 4949
3396 6790
3397 3636
3398 8039
3399 552
3400 9783
3401 5607
3402 5221
3403 9606
3404 2577
3405 4550
3406 8362
3407 1839
3408 7294
3409 5855
3410 1886
3411 3286
3412 6971
3413 4241
3414 7737
3415 9200
3416 8459
3417 3306
3418 6827
3419 7163
3420 3803
3421 3375
3422 8827
3423 5946
3424 6957
3425 6565
3426 2399
3427 4814
3428 7027
3429 7403
3430 3636
3431 5265
3432 5354
3433 4347
3434 5707
3435 2076
3436 529
3437 7254
3438 5344
3439 9385
3440 1284
3441 2140
3442 9848
3443 5602
3444 5353
3445 6589
3446 1127
3447 7656
3448 3174
3449 7961
3450 9292
3451 4416
3452 4877
3453 4867
3454 8089
3455 4088
3456 5318
3457 5173
3458 3586
3459 4503
3460 3815
3461 6093
3462 2337
3463 7522
3464 9490
3465 693
3466 2612
3467 9274
3468 5675
3469 2097
3470 340
3471 8435
3472 8517
3473 8449
3474 4738
3475 7440
3476 8248
3477 2053
3478 9552
3479 3514
3480 5136
3481 8448
3482 58
3483 9584
3484 2165
3485 6870
3486 8783
3487 1831
3488 2835
3489 6927
3490 1248
3491 7458
3492 9430
3493 4829
3494 8963
3495 4238
3496 7171
3497 8682
3498 6308
3499 7444
3500 4917
3501 4699
3502 2457
3503 9810
3504 115
3505 8369
3506 2561
3507 8355
3508 2091
3509 4846
3510 3096
3511 5945
3512 7437
3513 3492
3514 3065
3515 4285
3516 8342
3517 9609
3518 2977
3519 4942
3520 5608
3521 1815
3522 2092
3523 805
3524 7666
3525 5184
3526 6318
3527 9737
3528 7169
3529 1918
3530 9840
3531 9758
3532 115
3533 3112
3534 5556
3535 8681
3536 9555
3537 5505
3538 5815
3539 1582
3540 6774
3541 7531
3542 4931
3543 5322
3544 5105
3545 6617
3546 7934
3547 9069
3548 8325
3549 6562
3550 9506
3551 7583
3552 200
3553 8112
3554 5306
3555 9299
3556 5057
3557 3096
3558 9445
3559 4584
3560 1376
3561 8949
3562 394
3563 5868
3564 7016
3565 3373
3566 8857
3567 860
3568 9017
3569 5621
3570 7850
3571 2743
3572 4782
3573 8544
3574 1556
3575 7617
3576 96
3577 963
3578 4443
3579 7394
3580 4629
3581 4628
3582 2663
3583 3598
3584 3481
3585 7920
3586 8494
3587 8832
3588 4135
3589 9691
3590 7245
3591 2639
3592 1924
3593 3922
3594 168
3595 1187
3596 5144
3597 7997
3598 7339
3599 6288
3600 2697
3601 4673
3602 5772
3603 2657
3604 7494
3605 6354
3606 112
3607 6864
3608 5118
3609 1109
3610 6246
3611 8114
3612 2715
3613 7347
3614 7124
3615 4960
3616 8446
3617 6105
3618 4844
3619 5775
3620 5719
3621 5052
3622 9242
3623 2625
3624 752
3625 3275
3626 3981
3627 9093
3628 8712
3629 5597
3630 4831
3631 3433
3632 7015
3633 3177
3634 9155
3635 6912
3636 7219
3637 68
3638 7418
3639 2110
3640 686
3641 9268
3642 2242
3643 2175
3644 7449
3645 6371
3646 7292
3647 2984
3648 6090
3649 2592
3650 7816
3651 9526
3652 9605
3653 8544
3654 4991
3655 499
3656 5898
3657 4866
3658 8045
3659 5575
3660 6731
3661 2495
3662 8649
3663 4538
3664 5895
3665 4704
3666 9874
3667 1303
3668 8280
3669 8570
3670 6088
3671 7133
3672 2646
3673 4708
3674 1907
3675 527
3676 9558
3677 5033
3678 1940
3679 8603
3680 1378
3681 5353
3682 6247
3683 7240
3684 2518
3685 4794
3686 9713
3687 104
3688 4948
3689 5164
3690 9948
3691 2333
3692 4021
3693 5465
3694 5164
3695 5432
3696 3885
3697 5995
3698 3277
3699 9564
3700 6409
3701 2456
3702 603
3703 4657
3704 344
3705 5785
3706 4510
3707 3413
3708 7651
3709 8408
3710 1376
3711 685
3712 3499
3713 7687
3714 8732
3715 1769
3716 4333
3717 5278
3718 676
3719 3685
3720 9684
3721 9692
3722 9919
3723 9483
3724 7899
3725 6463
3726 2333
3727 5238
3728 701
3729 510
3730 9545
3731 6962
3732 3675
3733 5315
3734 1290
3735 511
3736 6217
3737 8038
3738 5109
3739 3701
3740 6726
3741 9125
3742 7331
3743 9073
3744 5623
3745 2432
3746 3019
3747 2733
3748 879
3749 8400
3750 7099
3751 5149
3752 1404
3753 3287
3754 6952
3755 4149
3756 1168
3757 4835
3758 4912
3759 5241
3760 2667
3761 7933
3762 24
3763 3357
3764 5362
3765 1582
3766 5543
3767 507
3768 1310
3769 3824
3770 8910
3771 8898
3772 3059
3773 8722
3774 9842
3775 5547
3776 8011
3777 582
3778 2792
3779 8903
3780 2047
3781 6933
3782 3515
3783 6021
3784 4993
3785 1858
3786 557
3787 3936
3788 4441
3789 715
3790 1352
3791 6708
3792 7466
3793 3595
3794 8352
3795 4017
3796 2256
3797 8205
3798 9783
3799 920
3800 8681
3801 2604
3802 6988
3803 1666
3804 6509
3805 8405
3806 5905
3807 2208
3808 747
3809 4142
3810 4999
3811 9261
3812 2961
3813 4768
3814 3944
3815 6848
3816 3415
3817 7599
3818 321
3819 6414
3820 1113
3821 8458
3822 2314
3823 7868
3824 1200
3825 8446
3826 7363
3827 5426
3828 8667
3829 5589
3830 3949
3831 1691
3832 47
3833 1947
3834 6723
3835 9016
3836 2872
3837 5345
3838 3363
3839 2500
3840 4283
3841 9611
3842 924
3843 3474
3844 1402
3845 6693
3846 8581
3847 9411
3848 130
3849 5714
3850 6504
3851 8900
3852 8021
3853 9508
3854 1802
3855 9029
3856 1455
3857 6104
3858 5383
3859 5076
3860 311
3861 4232
3862 9550
3863 3223
3864 2068
3865 20
3866 9959
3867 5544
3868 6345
3869 3787
3870 2925
3871 3050
3872 1374
3873 1235
3874 380
3875 4698
3876 4509
3877 9112
3878 3191
3879 2626
3880 2886
3881 1
3882 1030
3883 599
3884 2399
3885 8142
3886 1803
3887 4833
3888 4572
3889 6813
3890 2895
3891 7195
3892 2519
3893 652
3894 3902
3895 4016
3896 5868
3897 1481
3898 4108
3899 9814
3900 2979
3901 1830
3902 1762
3903 9223
3904 8714
3905 3128
3906 841
3907 7337
3908 7407
3909 1086
3910 1826
3911 6544
3912 3543
3913 878
3914 1519
3915 5977
3916 9118
3917 9211
3918 7666
3919 9383
3920 7979
3921 1315
3922 6704
3923 4347
3924 4671
3925 8869
3926 3329
3927 3788
3928 794
3929 4992
3930 3558
3931 9366
3932 8714
3933 182
3934 7943
3935 8782
3936 8194
3937 1983
3938 8505
3939 6995
3940 1795
3941 90
3942 6841
3943 2753
3944 4809
3945 2286
3946 5592
3947 5920
3948 9620
3949 7007
3950 626
3951 7545
3952 5776
3953 668
3954 8124
3955 376
3956 5764
3957 2245
3958 3498
3959 4716
3960 9524
3961 363
3962 6986
3963 1580
3964 8531
3965 5647
3966 8336
3967 5492
3968 4089
3969 5004
3970 5359
3971 8221
3972 5645
3973 672
3974 7777
3975 8282
3976 3823
3977 1973
3978 6451
3979 1054
3980 5605
3981 719
3982 4720
3983 4539
3984 4927
3985 3166
3986 5961
3987 4630
3988 8217
3989 9954
3990 7773
3991 4535
3992 6589
3993 1902
3994 6603
3995 6812
3996 50
3997 9414
3998 5457
3999 12
4000 5
4001 1250
4002 1823
4003 6201
4004 9346
4005 9717
4006 2814
4007 3199
4008 7247
4009 6871
4010 1446
4011 6505
4012 3733
4013 1821
4014 8144
4015 9010
4016 8220
4017 1915
4018 809
4019 6713
4020 8098
4021 3664
4022 10000
4023 7614
4024 6360
4025 4239
4026 3309
4027 1034
4028 3786
4029 5486
4030 2381
4031 4379
4032 2552
4033 3623
4034 5278
4035 9900
4036 7285
4037 3660
4038 1923
4039 8195
4040 1435
4041 6583
4042 8260
4043 4227
4044 4809
4045 7247
4046 4406
4047 722
4048 7019
4049 3031
4050 2258
4051 629
4052 1828
4053 2625
4054 1653
4055 8968
4056 3515
4057 8672
4058 7556
4059 9802
4060 7855
4061 6619
4062 9305
4063 5540
4064 5735
4065 2365
4066 6990
4067 9146
4068 6011
4069 9609
4070 837
4071 202
4072 1289
4073 7370
4074 1377
4075 4066
4076 6005
4077 3545
4078 5221
4079 9982
4080 1728
4081 856
4082 1063
4083 399
4084 5651
4085 6283
4086 4369
4087 6247
4088 3080
4089 374
4090 3284
4091 9024
4092 3797
4093 4993
4094 3576
4095 3420
4096 310
4097 7449
4098 4933
4099 1399
4100 7831
4101 5712
4102 2935
4103 5417
4104 1483
4105 7764
4106 770
4107 4280
4108 2027
4109 8573
4110 9554
4111 8859
4112 8270
4113 5664
4114 700
4115 1417
4116 3473
4117 4209
4118 4951
4119 3583
4120 132
4121 4229
4122 2161
4123 704
4124 9681
4125 3093
4126 1504
4127 5334
4128 7369
4129 3422
4130 405
4131 9639
4132 9101
4133 838
4134 1134
4135 5764
4136 1910
4137 2105
4138 4377
4139 6075
4140 3793
4141 673
4142 1696
4143 4252
4144 5115
4145 8404
4146 9174
4147 5992
4148 1940
4149 6391
4150 1292
4151 3557
4152 2723
4153 6929
4154 8064
4155 8190
4156 8791
4157 5674
4158 7154
4159 3991
4160 5140
4161 4898
4162 6900
4163 7231
4164 2194
4165 7150
4166 7694
4167 6414
4168 3614
4169 2877
4170 7404
4171 5022
4172 1707
4173 1592
4174 9140
4175 8982
4176 5369
4177 8744
4178 6679
4179 2864
4180 2928
4181 8146
4182 6180
4183 1948
4184 2697
4185 541
4186 5635
4187 9102
4188 1129
4189 4644
4190 7525
4191 899
4192 8251
4193 9095
4194 9253
4195 4033
4196 5801
4197 5644
4198 9435
4199 7692
4200 7991
4201 6499
4202 4589
4203 132
4204 8076
4205 663
4206 7602
4207 7564
4208 4013
4209 2032
4210 2581
4211 9014
4212 7048
4213 5381
4214 7426
4215 7785
4216 4202
4217 4094
4218 5440
4219 3300
4220 4029
4221 4216
4222 7403
4223 8893
4224 5618
4225 786
4226 317
4227 4770
4228 679
4229 1877
4230 1816
4231 6961
4232 2021
4233 6976
4234 9170
4235 6995
4236 5080
4237 849
4238 6782
4239 6355
4240 1964
4241 7807
4242 8243
4243 7340
4244 1744
4245 8004
4246 6011
4247 9824
4248 1034
4249 1096
4250 2122
4251 7589
4252 2055
4253 9785
4254 1545
4255 8185
4256 669
4257 1591
4258 8046
4259 535
4260 4671
4261 2763
4262 7482
4263 7858
4264 9468
4265 1112
4266 350
4267 5854
4268 1060
4269 7802
4270 1515
4271 3790
4272 4328
4273 3450
4274 2821
4275 8391
4276 1341
4277 3811
4278 4067
4279 8452
4280 7213
4281 2495
4282 4821
4283 2627
4284 2362
4285 5323
4286 5602
4287 4364
4288 447
4289 9914
4290 2814
4291 4434
4292 3173
4293 9108
4294 8260
4295 5730
4296 4463
4297 8063
4298 9221
4299 1993
4300 5875
4301 8214
4302 9069
4303 8642
4304 9270
4305 2213
4306 7615
4307 1612
4308 7090
4309 6871
4310 2765
4311 2009
4312 8022
4313 8279
4314 7766
4315 1299
4316 5578
4317 9906
4318 5307
4319 5194
4320 1390
4321 2398
4322 543
4323 249
4324 1582
4325 7316
4326 7979
4327 422
4328 6468
4329 9512
4330 3196
4331 7415
4332 122
4333 105
4334 7242
4335 5666
4336 1882
4337 9092
4338 7029
4339 5229
4340 116
4341 9907
4342 8158
4343 5957
4344 6299
4345 9795
4346 4879
4347 6458
4348 3212
4349 6403
4350 7112
4351 438
4352 3164
4353 2504
4354 4311
4355 766
4356 8718
4357 1422
4358 5091
4359 9857
4360 6797
4361 5944
4362 9013
4363 6590
4364 2476
4365 5240
4366 6836
4367 211
4368 4072
4369 2843
4370 1740
4371 4720
4372 2598
4373 2251
4374 8809
4375 2809
4376 3646
4377 24
4378 8342
4379 122
4380 3283
4381 3889
4382 2492
4383 8597
4384 9182
4385 1420
4386 3529
4387 6423
4388 2103
4389 4309
4390 1520
4391 7320
4392 5584
4393 835
4394 9542
4395 5377
4396 6301
4397 7126
4398 4944
4399 88
4400 1347
4401 9613
4402 9414
4403 5319
4404 3612
4405 5316
4406 4084
4407 8443
4408 4069
4409 2682
4410 2925
4411 5704
4412 3300
4413 7632
4414 7484
4415 9370
4416 5993
4417 8798
4418 3481
4419 7142
4420 2463
4421 4656
4422 501
4423 5887
4424 4767
4425 3773
4426 7394
4427 2132
4428 5458
4429 8312
4430 8961
4431 182
4432 2913
4433 7999
4434 217
4435 5000
4436 7675
4437 8225
4438 6929
4439 6591
4440 4546
4441 9149
4442 8746
4443 3577
4444 3346
4445 2805
4446 2108
4447 8570
4448 7711
4449 545
4450 7852
4451 1905
4452 9258
4453 352
4454 3350
4455 9257
4456 2591
4457 6778
4458 1517
4459 3883
4460 6414
4461 1505
4462 460
4463 2433
4464 4069
4465 8549
4466 1880
4467 7845
4468 8070
4469 22
4470 4612
4471 3224
4472 4250
4473 6244
4474 2624
4475 6831
4476 2866
4477 8467
4478 9616
4479 2280
4480 21
4481 8075
4482 4308
4483 1386
4484 715
4485 9547
4486 2393
4487 7978
4488 3060
4489 9677
4490 6827
4491 3738
4492 7926
4493 1877
4494 2629
4495 5852
4496 8274
4497 9283
4498 375
4499 1540
4500 3826
4501 3928
4502 7602
4503 3723
4504 1649
4505 8052
4506 4212
4507 6736
4508 8502
4509 5406
4510 1979
4511 3593
4512 3935
4513 1902
4514 7671
4515 6567
4516 1382
4517 5332
4518 3888
4519 4775
4520 8786
4521 7739
4522 2352
4523 8773
4524 2429
4525 4008
4526 3791
4527 4619
4528 5165
4529 4588
4530 8266
4531 9720
4532 8514
4533 9929
4534 9103
4535 875
4536 2139
4537 4130
4538 2488
4539 398
4540 101
4541 3178
4542 3441
4543 3056
4544 9937
4545 4126
4546 9784
4547 5003
4548 1472
4549 1695
4550 7936
4551 1620
4552 685
4553 7416
4554 2417
4555 9280
4556 9464
4557 9070
4558 9087
4559 6211
4560 5531
4561 7557
4562 2437
4563 324
4564 6602
4565 2127
4566 5439
4567 1069
4568 2492
4569 7167
4570 8913
4571 6927
4572 1408
4573 5596
4574 9368
4575 8050
4576 9182
4577 9601
4578 2378
4579 2937
4580 2652
4581 5953
4582 6492
4583 4964
4584 7289
4585 2584
4586 4448
4587 5663
4588 9993
4589 7724
4590 8361
4591 4904
4592 5886
4593 3810
4594 3965
4595 7054
4596 8799
4597 9949
4598 8981
4599 6725
4600 9608
4601 6098
4602 8116
4603 8757
4604 6365
4605 951
4606 1266
4607 466
4608 9676
4609 698
4610 292
4611 7911
4612 4942
4613 5021
4614 6729
4615 956
4616 6442
4617 7950
4618 9955
4619 3046
4620 2759
4621 9477
4622 3840
4623 5309
4624 9067
4625 6055
4626 1013
4627 2105
4628 1172
4629 8584
4630 3686
4631 3397
4632 9730
4633 8781
4634 5364
4635 9590
4636 8080
4637 8799
4638 3587
4639 613
4640 3021
4641 1580
4642 7671
4643 8152
4644 9931
4645 1943
4646 9675
4647 6111
4648 7556
4649 6608
4650 5645
4651 5417
4652 9635
4653 5054
4654 2265
4655 4935
4656 9830
4657 6488
4658 2929
4659 3080
4660 814
4661 2467
4662 470
4663 2180
4664 8192
4665 6357
4666 4277
4667 1013
4668 7980
4669 7833
4670 7521
4671 239
4672 8983
4673 5132
4674 2776
4675 4096
4676 503
4677 724
4678 5013
4679 6081
4680 3418
4681 160
4682 1362
4683 2893
4684 323
4685 5225
4686 5992
4687 8537
4688 9299
4689 7224
4690 3845
4691 241
4692 2320
4693 5154
4694 5192
4695 292
4696 692
4697 14
4698 1195
4699 1397
4700 485
4701 7608
4702 8445
4703 7315
4704 7916
4705 4109
4706 6588
4707 5058
4708 3364
4709 8710
4710 4940
4711 2584
4712 4450
4713 5826
4714 6406
4715 9460
4716 1579
4717 4540
4718 2064
4719 1496
4720 7126
4721 332
4722 3701
4723 2391
4724 3646
4725 3193
4726 9185
4727 8041
4728 8628
4729 6588
4730 9914
4731 9708
4732 2320
4733 5008
4734 3086
4735 8997
4736 881
4737 5637
4738 7302
4739 8036
4740 7145
4741 2691
4742 7828
4743 8549
4744 7102
4745 9644
4746 2670
4747 6547
4748 2942
4749 6923
4750 2150
4751 1463
4752 3314
4753 3192
4754 9717
4755 2286
4756 5485
4757 8269
4758 6980
4759 1144
4760 546
4761 5763
4762 6727
4763 7933
4764 48
4765 917
4766 5734
4767 2698
4768 9515
4769 2758
4770 4169
4771 3289
4772 5047
4773 1727
4774 4464
4775 5903
4776 931
4777 5824
4778 7916
4779 6126
4780 4304
4781 632
4782 5854
4783 9851
4784 4237
4785 9936
4786 9065
4787 3386
4788 6369
4789 7809
4790 4694
4791 1301
4792 4003
4793 8806
4794 6645
4795 7612
4796 6841
4797 5276
4798 8762
4799 870
4800 5468
4801 4869
4802 748
4803 421
4804 4964
4805 2748
4806 5989
4807 2376
4808 9941
4809 7620
4810 8582
4811 5177
4812 918
4813 7929
4814 7595
4815 6999
4816 73
4817 8903
4818 9030
4819 4239
4820 3180
4821 7513
4822 1147
4823 243
4824 4492
4825 5258
4826 7223
4827 4044
4828 7472
4829 456
4830 3150
4831 124
4832 3129
4833 7782
4834 3968
4835 6652
4836 6852
4837 3712
4838 3463
4839 260
4840 8008
4841 9753
4842 143
4843 5097
4844 243
4845 1393
4846 1586
4847 16
4848 5500
4849 8195
4850 5791
4851 689
4852 9972
4853 2346
4854 8694
4855 2983
4856 6527
4857 211
4858 2755
4859 5411
4860 8888
4861 3149
4862 7765
4863 3248
4864 150
4865 909
4866 2490
4867 994
4868 2969
4869 6942
4870 7369
4871 3128
4872 4928
4873 2486
4874 9579
4875 8816
4876 4347
4877 5764
4878 3766
4879 6057
4880 8280
4881 4406
4882 7992
4883 1124
4884 6909
4885 1335
4886 2205
4887 8180
4888 2752
4889 7780
4890 5932
4891 6996
4892 5366
4893 1743
4894 5956
4895 3799
4896 7606
4897 8669
4898 2767
4899 7915
4900 1866
4901 843
4902 5104
4903 9895
4904 2897
4905 766
4906 2702
4907 9220
4908 4275
4909 6439
4910 5613
4911 6519
4912 1923
4913 9461
4914 8805
4915 364
4916 4682
4917 1652
4918 5985
4919 6766
4920 2501
4921 1523
4922 8119
4923 1139
4924 1949
4925 9507
4926 6431
4927 8869
4928 5263
4929 1724
4930 6273
4931 6907
4932 7800
4933 8154
4934 159
4935 2518
4936 2799
4937 9604
4938 9116
4939 807
4940 2543
4941 3613
4942 4905
4943 6542
4944 5295
4945 3459
4946 5610
4947 365
4948 9055
4949 3797
4950 8857
4951 3227
4952 9185
4953 98
4954 5334
4955 5940
4956 1650
4957 7852
4958 4025
4959 5501
4960 1876
4961 540
4962 3382
4963 9782
4964 393
4965 4463
4966 2940
4967 9961
4968 798
4969 4541
4970 3802
4971 3470
4972 6785
4973 8362
4974 6478
4975 5553
4976 2785
4977 4550
4978 4524
4979 4971
4980 9121
4981 4303
4982 3527
4983 1356
4984 7272
4985 1766
4986 15
4987 6987
4988 6344
4989 3519
4990 5831
4991 6100
4992 1544
4993 673
4994 5825
4995 4688
4996 8769
4997 2318
4998 1513
4999 2147
5000 9329
5001 1037
5002 5387
5003 4110
5004 2479
5005 1795
5006 3713
5007 2180
5008 2237
5009 4944
5010 7005
5011 7834
5012 8387
5013 4005
5014 3168
5015 6456
5016 6205
5017 1299
5018 5780
5019 5948
5020 8595
5021 7726
5022 732
5023 2077
5024 2401
5025 8625
5026 3910
5027 8797
5028 8626
5029 3707
5030 346
5031 9368
5032 3934
5033 840
5034 2930
5035 4009
5036 333
5037 9658
5038 4342
5039 6556
5040 8967
5041 2070
5042 7795
5043 6142
5044 4985
5045 7483
5046 3239
5047 5520
5048 9318
5049 1260
5050 6219
5051 3259
5052 8248
5053 6415
5054 7949
5055 2845
5056 8513
5057 1038
5058 1386
5059 7713
5060 8403
5061 9211
5062 3444
5063 8029
5064 711
5065 4449
5066 8453
5067 5813
5068 4638
5069 9205
5070 769
5071 9693
5072 1074
5073 1403
5074 6689
5075 6699
5076 2008
5077 4549
5078 1457
5079 3995
5080 8869
5081 2055
5082 9383
5083 5660
5084 8058
5085 6229
5086 4526
5087 2104
5088 1549
5089 9197
5090 7887
5091 8144
5092 7413
5093 8097
5094 9243
5095 9014
5096 9746
5097 5149
5098 7976
5099 852
5100 6294
5101 568
5102 2949
5103 7546
5104 6372
5105 5253
5106 699
5107 7813
5108 2500
5109 5480
5110 7474
5111 395
5112 6079
5113 9046
5114 1709
5115 659
5116 5853
5117 3349
5118 883
5119 1360
5120 2825
5121 6866
5122 8907
5123 9055
5124 8494
5125 8738
5126 8835
5127 8870
5128 5377
5129 3728
5130 2893
5131 3372
5132 7738
5133 1205
5134 1063
5135 6744
5136 1552
5137 6870
5138 1941
5139 4353
5140 1743
5141 9239
5142 7997
5143 9380
5144 3513
5145 5741
5146 9535
5147 9492
5148 9510
5149 5234
5150 5183
5151 6156
5152 1465
5153 5057
5154 3472
5155 2432
5156 2754
5157 7393
5158 5135
5159 6322
5160 7161
5161 174
5162 3385
5163 6864
5164 7005
5165 530
5166 7226
5167 5818
5168 7433
5169 2403
5170 7667
5171 7793
5172 7856
5173 3687
5174 7159
5175 3643
5176 9877
5177 4050
5178 4514
5179 9715
5180 8329
5181 6288
5182 4135
5183 4926
5184 8481
5185 4862
5186 3812
5187 776
5188 9635
5189 8946
5190 3620
5191 7005
5192 3902
5193 6059
5194 2289
5195 8243
5196 3700
5197 1938
5198 4291
5199 9988
5200 3749
5201 9936
5202 618
5203 8490
5204 4264
5205 1482
5206 6788
5207 3171
5208 3528
5209 8712
5210 2155
5211 1700
5212 873
5213 1843
5214 1662
5215 698
5216 8725
5217 8156
5218 9082
5219 5964
5220 1800
5221 7897
5222 7525
5223 827
5224 2964
5225 250
5226 9112
5227 6843
5228 4226
5229 1498
5230 6262
5231 6860
5232 6358
5233 961
5234 7868
5235 2945
5236 6845
5237 4326
5238 4631
5239 9937
5240 5558
5241 2578
5242 6957
5243 6652
5244 8394
5245 5936
5246 233
5247 6245
5248 7001
5249 4352
5250 6615
5251 1310
5252 5442
5253 9546
5254 5559
5255 7554
5256 6303
5257 2608
5258 8161
5259 4891
5260 8795
5261 3101
5262 4166
5263 1203
5264 9537
5265 6105
5266 9055
5267 8696
5268 9298
5269 2894
5270 4373
5271 1593
5272 4418
5273 2293
5274 2444
5275 2173
5276 9184
5277 3065
5278 188
5279 4771
5280 8273
5281 5150
5282 4397
5283 9347
5284 9767
5285 9546
5286 7726
5287 3251
5288 835
5289 8305
5290 8706
5291 3751
5292 4052
5293 7567
5294 1657
5295 7824
5296 5162
5297 7069
5298 390
5299 7044
5300 3180
5301 519
5302 3602
5303 4238
5304 4594
5305 6709
5306 6028
5307 9228
5308 5808
5309 9973
5310 5371
5311 6887
5312 3104
5313 7225
5314 7554
5315 3872
5316 8507
5317 9996
5318 8254
5319 4837
5320 7411
5321 1888
5322 7231
5323 7058
5324 7600
5325 3620
5326 528
5327 4453
5328 3317
5329 7281
5330 8997
5331 1514
5332 5230
5333 9043
5334 737
5335 7973
5336 5993
5337 6645
5338 3361
5339 8669
5340 3262
5341 1397
5342 8521
5343 9349
5344 8956
5345 9143
5346 520
5347 2295
5348 9521
5349 9445
5350 1098
5351 4666
5352 8597
5353 6563
5354 1978
5355 3266
5356 5316
5357 6464
5358 5154
5359 966
5360 742
5361 1465
5362 1153
5363 4140
5364 8541
5365 6536
5366 983
5367 6801
5368 8202
5369 7258
5370 1040
5371 7141
5372 5421
5373 1391
5374 8378
5375 7506
5376 5767
5377 9850
5378 8629
5379 6606
5380 2797
5381 7543
5382 7143
5383 1462
5384 2347
5385 2268
5386 2169
5387 490
5388 7859
5389 7416
5390 9537
5391 6744
5392 8945
5393 6761
5394 9084
5395 1152
5396 1836
5397 1642
5398 8408
5399 502
5400 59
5401 9177
5402 6091
5403 9030
5404 2545
5405 3078
5406 6676
5407 6674
5408 8342
5409 7879
5410 6460
5411 2055
5412 308
5413 9960
5414 3032
5415 2926
5416 1787
5417 3568
5418 4910
5419 4542
5420 6321
5421 1007
5422 4226
5423 8942
5424 3674
5425 6276
5426 5324
5427 9176
5428 7183
5429 8155
5430 8807
5431 6393
5432 8670
5433 9411
5434 3944
5435 8742
5436 4238
5437 5854
5438 8601
5439 4520
5440 5726
5441 2945
5442 1825
5443 9048
5444 7785
5445 9835
5446 3586
5447 2101
5448 9127
5449 1747
5450 5151
5451 6434
5452 5315
5453 6794
5454 3960
5455 7021
5456 8644
5457 2431
5458 5491
5459 26
5460 6763
5461 2465
5462 9769
5463 2798
5464 9976
5465 6575
5466 5754
5467 7943
5468 2521
5469 5500
5470 8558
5471 2377
5472 1969
5473 5550
5474 3817
5475 5331
5476 1056
5477 8549
5478 6665
5479 1776
5480 3668
5481 6713
5482 8607
5483 7530
5484 3308
5485 1468
5486 1528
5487 3721
5488 5221
5489 6382
5490 6999
5491 5880
5492 6995
5493 7567
5494 8689
5495 6312
5496 8894
5497 5744
5498 2453
5499 558
5500 9542
5501 7266
5502 342
5503 2152
5504 2004
5505 5328
5506 2022
5507 6926
5508 782
5509 2089
5510 7152
5511 7107
5512 3255
5513 1349
5514 5970
5515 2538
5516 401
5517 1081
5518 2486
5519 8645
5520 1759
5521 9941
5522 7003
5523 7640
5524 8332
5525 6426
5526 1637
5527 7948
5528 994
5529 7753
5530 9101
5531 9088
5532 8104
5533 935
5534 3558
5535 7578
5536 795
5537 6460
5538 6030
5539 6651
5540 4455
5541 7675
5542 2444
5543 5457
5544 6978
5545 3788
5546 8333
5547 4614
5548 9829
5549 7093
5550 3253
5551 2757
5552 8904
5553 2631
5554 740
5555 8269
5556 4041
5557 20
5558 9222
5559 8477
5560 4585
5561 1791
5562 6775
5563 9487
5564 3187
5565 4252
5566 9858
5567 5522
5568 297
5569 9254
5570 2580
5571 448
5572 9373
5573 6927
5574 9761
5575 6222
5576 393
5577 3074
5578 3762
5579 2770
5580 2188
5581 7252
5582 5482
5583 5614
5584 4546
5585 3129
5586 3828
5587 5658
5588 5598
5589 6499
5590 6155
5591 8192
5592 8919
5593 4998
5594 7589
5595 9265
5596 6284
5597 7527
5598 5421
5599 949
5600 7812
5601 418
5602 3003
5603 4000
5604 3958
5605 3754
5606 5907
5607 4224
5608 1170
5609 6395
5610 8871
5611 5170
5612 8923
5613 8411
5614 7577
5615 9732
5616 2034
5617 5839
5618 1184
5619 4949
5620 7200
5621 7851
5622 5910
5623 329
5624 4687
5625 1841
5626 2669
5627 3193
5628 8838
5629 9307
5630 5148
5631 9927
5632 8623
5633 5043
5634 5482
5635 5390
5636 2742
5637 7023
5638 5205
5639 8616
5640 9008
5641 5114
5642 2350
5643 5546
5644 7717
5645 9581
5646 597
5647 7818
5648 8044
5649 2669
5650 1789
5651 8609
5652 7570
5653 3086
5654 844
5655 1739
5656 6871
5657 7798
5658 2306
5659 7770
5660 9573
5661 6732
5662 259
5663 7226
5664 5437
5665 4574
5666 6770
5667 768
5668 2400
5669 1602
5670 4475
5671 3484
5672 3287
5673 4260
5674 7149
5675 1854
5676 3375
5677 7871
5678 371
5679 2549
5680 2756
5681 2775
5682 6414
5683 7857
5684 1961
5685 8946
5686 2145
5687 4394
5688 2
5689 9975
5690 7304
5691 474
5692 798
5693 1694
5694 8549
5695 1157
5696 7524
5697 9191
5698 1448
5699 1449
5700 3224
5701 4999
5702 2411
5703 5712
5704 394
5705 1629
5706 151
5707 8178
5708 6956
5709 9251
5710 4935
5711 6376
5712 6046
5713 9264
5714 2967
5715 8075
5716 6856
5717 7114
5718 5912
5719 8731
5720 7539
5721 8521
5722 7923
5723 8700
5724 2244
5725 1542
5726 9943
5727 154
5728 3942
5729 8882
5730 641
5731 3213
5732 9875
5733 5203
5734 7063
5735 2903
5736 671
5737 5881
5738 3073
5739 4154
5740 5121
5741 3967
5742 1828
5743 5896
5744 6110
5745 6573
5746 7628
5747 4738
5748 5812
5749 1659
5750 6502
5751 6065
5752 2720
5753 2143
5754 3191
5755 787
5756 8476
5757 1127
5758 2812
5759 2141
5760 5656
5761 2579
5762 8256
5763 4208
5764 3108
5765 7769
5766 5843
5767 1158
5768 6792
5769 5196
5770 8285
5771 4123
5772 3009
5773 6775
5774 3423
5775 8824
5776 2088
5777 8578
5778 4417
5779 6986
5780 7055
5781 2167
5782 3294
5783 9073
5784 5403
5785 2655
5786 393
5787 5797
5788 6537
5789 8454
5790 8298
5791 6467
5792 1615
5793 7869
5794 5752
5795 7877
5796 2416
5797 334
5798 6341
5799 9248
5800 6362
5801 6553
5802 6673
5803 151
5804 5568
5805 2765
5806 9404
5807 3773
5808 9247
5809 1715
5810 8795
5811 1591
5812 5744
5813 9684
5814 7301
5815 6879
5816 6745
5817 4571
5818 459
5819 1845
5820 9872
5821 6133
5822 931
5823 496
5824 3709
5825 8645
5826 3616
5827 5314
5828 7066
5829 148
5830 4239
5831 5482
5832 5001
5833 293
5834 5007
5835 2899
5836 659
5837 7079
5838 9982
5839 2634
5840 6409
5841 3555
5842 9693
5843 2925
5844 9176
5845 8470
5846 7679
5847 3742
5848 6222
5849 6312
5850 5427
5851 6583
5852 9779
5853 8458
5854 6315
5855 9719
5856 3127
5857 2511
5858 7577
5859 7226
5860 6166
5861 7153
5862 165
5863 2727
5864 6346
5865 1652
5866 4413
5867 9187
5868 3181
5869 1144
5870 6266
5871 1172
5872 3912
5873 856
5874 2746
5875 4144
5876 2765
5877 6911
5878 4432
5879 2227
5880 4590
5881 2122
5882 5316
5883 1902
5884 7737
5885 2264
5886 3224
5887 9693
5888 865
5889 5183
5890 1672
5891 6273
5892 8073
5893 4664
5894 6476
5895 2476
5896 2671
5897 2986
5898 1998
5899 4572
5900 2994
5901 2804
5902 5955
5903 7758
5904 7602
5905 9412
5906 6680
5907 5188
5908 851
5909 7781
5910 7371
5911 6321
5912 9325
5913 9109
5914 8018
5915 8080
5916 8771
5917 9892
5918 2875
5919 9733
5920 9758
5921 9240
5922 1458
5923 2539
5924 8822
5925 1006
5926 7432
5927 4365
5928 4060
5929 7435
5930 4518
5931 1808
5932 3735
5933 3792
5934 654
5935 1133
5936 4297
5937 5276
5938 1706
5939 3069
5940 4749
5941 1419
5942 3028
5943 2812
5944 6815
5945 6764
5946 2257
5947 2832
5948 9480
5949 7697
5950 3451
5951 2083
5952 548
5953 4335
5954 3113
5955 3148
5956 4370
5957 5109
5958 3901
5959 1085
5960 8327
5961 1642
5962 618
5963 8789
5964 1775
5965 4863
5966 3103
5967 2789
5968 4098
5969 8595
5970 1893
5971 735
5972 3631
5973 3669
5974 7953
5975 6138
5976 7976
5977 1732
5978 5446
5979 9122
5980 6969
5981 1251
5982 2730
5983 5549
5984 2294
5985 3640
5986 4595
5987 3128
5988 5632
5989 9539
5990 5918
5991 8752
5992 2179
5993 3436
5994 5100
5995 3309
5996 7967
5997 37
5998 618
5999 953
6000 6881
6001 5295
6002 1563
6003 926
6004 1950
6005 2152
6006 7124
6007 5132
6008 1563
6009 6817
6010 7187
6011 8698
6012 3388
6013 5150
6014 5021
6015 8244
6016 1415
6017 7159
6018 787
6019 5827
6020 852
6021 60
6022 2608
6023 3611
6024 8548
6025 325
6026 6370
6027 2846
6028 2234
6029 263
6030 2914
6031 6621
6032 2106
6033 4898
6034 5538
6035 7662
6036 381
6037 2823
6038 7810
6039 2441
6040 3486
6041 1591
6042 5918
6043 9788
6044 7860
6045 5863
6046 4456
6047 4815
6048 5773
6049 8576
6050 1645
6051 4706
6052 5363
6053 3570
6054 6311
6055 2306
6056 1645
6057 2264
6058 1311
6059 90
6060 5
6061 9015
6062 3436
6063 8358
6064 8225
6065 785
6066 2460
6067 1907
6068 4384
6069 2038
6070 558
6071 4754
6072 419
6073 3594
6074 8618
6075 7948
6076 230
6077 4721
6078 8926
6079 1824
6080 7626
6081 7206
6082 1637
6083 8199
6084 5968
6085 9067
6086 294
6087 9432
6088 9812
6089 395
6090 631
6091 1735
6092 3379
6093 8139
6094 5067
6095 88
6096 7162
6097 3888
6098 5743
6099 3921
6100 1692
6101 4442
6102 9021
6103 5838
6104 3760
6105 9373
6106 7051
6107 6350
6108 8565
6109 3824
6110 7556
6111 3147
6112 4211
6113 2414
6114 3936
6115 5959
6116 4480
6117 4138
6118 3634
6119 545
6120 3515
6121 304
6122 4350
6123 3143
6124 8600
6125 3863
6126 7589
6127 2246
6128 6632
6129 2466
6130 2062
6131 4252
6132 5525
6133 949
6134 7043
6135 383
6136 6119
6137 8821
6138 3557
6139 4758
6140 5894
6141 1272
6142 7181
6143 8005
6144 7196
6145 556
6146 6849
6147 998
6148 4118
6149 9892
6150 366
6151 8674
6152 199
6153 4780
6154 2344
6155 8848
6156 153
6157 9405
6158 7627
6159 5796
6160 3889
6161 5196
6162 5581
6163 2489
6164 6861
6165 1485
6166 9171
6167 1465
6168 4637
6169 4758
6170 6205
6171 9832
6172 9628
6173 2958
6174 4942
6175 5345
6176 9881
6177 8036
6178 5947
6179 4968
6180 9526
6181 5195
6182 8640
6183 1823
6184 7932
6185 7443
6186 7737
6187 3524
6188 2921
6189 6819
6190 356
6191 680
6192 3656
6193 6002
6194 6209
6195 7226
6196 6907
6197 7942
6198 1954
6199 5313
6200 7526
6201 404
6202 1477
6203 3048
6204 9403
6205 1797
6206 827
6207 4644
6208 4910
6209 2169
6210 2900
6211 4754
6212 6133
6213 9221
6214 6025
6215 5867
6216 6718
6217 5048
6218 9814
6219 5145
6220 8269
6221 3660
6222 8274
6223 6995
6224 8432
6225 7480
6226 9932
6227 8388
6228 7664
6229 5538
6230 548
6231 6842
6232 5798
6233 4802
6234 5507
6235 6427
6236 7608
6237 7169
6238 4568
6239 1986
6240 799
6241 6528
6242 943
6243 5846
6244 1238
6245 6134
6246 2816
6247 3723
6248 7793
6249 9601
6250 4498
6251 2258
6252 6424
6253 4301
6254 7146
6255 9803
6256 4750
6257 658
6258 4004
6259 9004
6260 1890
6261 1575
6262 7868
6263 6153
6264 9985
6265 4373
6266 138
6267 3171
6268 5494
6269 7335
6270 6952
6271 7150
6272 6144
6273 9501
6274 1649
6275 7161
6276 6206
6277 3488
6278 7143
6279 3682
6280 5177
6281 1152
6282 9633
6283 1682
6284 6302
6285 7017
6286 6319
6287 3828
6288 6390
6289 8883
6290 7036
6291 1092
6292 2916
6293 824
6294 1887
6295 5922
6296 2043
6297 529
6298 3886
6299 581
6300 3994
6301 2874
6302 4671
6303 5164
6304 885
6305 9908
6306 1036
6307 1568
6308 1456
6309 9945
6310 7955
6311 6725
6312 4138
6313 6634
6314 4311
6315 1151
6316 1764
6317 2068
6318 7142
6319 962
6320 7197
6321 625
6322 5704
6323 6417
6324 7499
6325 6554
6326 7233
6327 2328
6328 7656
6329 8826
6330 7731
6331 4229
6332 8103
6333 398
6334 5811
6335 8737
6336 5249
6337 3385
6338 5093
6339 5149
6340 5136
6341 6004
6342 9815
6343 8407
6344 5688
6345 322
6346 5704
6347 9660
6348 7885
6349 6370
6350 3875
6351 6727
6352 1669
6353 1118
6354 2716
6355 8776
6356 5834
6357 6304
6358 5749
6359 8768
6360 8316
6361 9843
6362 3917
6363 7240
6364 7857
6365 935
6366 6294
6367 6097
6368 218
6369 6511
6370 2881
6371 2310
6372 1891
6373 277
6374 9337
6375 669
6376 3398
6377 6686
6378 760
6379 3709
6380 1086
6381 1175
6382 9994
6383 6842
6384 1635
6385 5502
6386 6924
6387 3723
6388 6358
6389 5054
6390 2432
6391 8509
6392 8394
6393 4994
6394 8768
6395 5296
6396 1117
6397 3178
6398 6029
6399 1599
6400 1202
6401 9003
6402 9987
6403 3133
6404 4493
6405 6897
6406 4122
6407 923
6408 8954
6409 400
6410 5532
6411 310
6412 7386
6413 2568
6414 7934
6415 7197
6416 7050
6417 1751
6418 1869
6419 784
6420 5954
6421 568
6422 5734
6423 2019
6424 9159
6425 537
6426 1217
6427 6754
6428 1054
6429 5866
6430 1291
6431 3503
6432 1486
6433 3777
6434 1327
6435 9288
6436 3680
6437 3179
6438 8065
6439 2003
6440 4614
6441 9565
6442 8423
6443 3179
6444 869
6445 7672
6446 9635
6447 420
6448 6400
6449 8859
6450 1057
6451 5929
6452 1298
6453 4243
6454 3114
6455 2296
6456 6024
6457 1117
6458 7107
6459 371
6460 41
6461 1387
6462 5301
6463 3575
6464 4162
6465 357
6466 8889
6467 2313
6468 2626
6469 6535
6470 4560
6471 6700
6472 7119
6473 8793
6474 2828
6475 2991
6476 276
6477 156
6478 5119
6479 3972
6480 408
6481 2815
6482 3566
6483 9116
6484 8315
6485 4945
6486 2033
6487 1213
6488 7327
6489 7730
6490 9338
6491 1653
6492 6353
6493 2290
6494 8431
6495 9384
6496 3011
6497 8171
6498 6934
6499 7622
6500 7031
6501 8810
6502 8780
6503 3016
6504 2154
6505 1975
6506 1937
6507 7992
6508 394
6509 8615
6510 4564
6511 224
6512 6293
6513 2423
6514 2599
6515 1275
6516 1824
6517 2137
6518 7950
6519 3880
6520 6225
6521 3579
6522 2714
6523 3310
6524 9162
6525 4290
6526 252
6527 7497
6528 4707
6529 8470
6530 3080
6531 7233
6532 9714
6533 7287
6534 7864
6535 6843
6536 4713
6537 3037
6538 9273
6539 2441
6540 1580
6541 5197
6542 7479
6543 93
6544 6157
6545 6679
6546 9904
6547 2716
6548 4374
6549 1036
6550 4119
6551 7661
6552 594
6553 5053
6554 3815
6555 3376
6556 9049
6557 2319
6558 9585
6559 1115
6560 7959
6561 7083
6562 2389
6563 7408
6564 1783
6565 5826
6566 6521
6567 3610
6568 7457
6569 6365
6570 6809
6571 6230
6572 6653
6573 8050
6574 9019
6575 7455
6576 4146
6577 1874
6578 445
6579 34
6580 9600
6581 5184
6582 4734
6583 144
6584 8742
6585 5308
6586 3813
6587 8257
6588 6801
6589 8477
6590 7074
6591 8741
6592 7746
6593 5918
6594 9903
6595 6773
6596 5595
6597 1599
6598 7027
6599 2617
6600 9430
6601 7932
6602 1651
6603 8691
6604 9825
6605 9418
6606 3525
6607 6425
6608 1401
6609 5662
6610 8338
6611 4432
6612 1250
6613 2936
6614 3527
6615 2595
6616 1249
6617 2972
6618 1593
6619 867
6620 7735
6621 4785
6622 2242
6623 809
6624 954
6625 6930
6626 6316
6627 9350
6628 6993
6629 4915
6630 9913
6631 1419
6632 4523
6633 7982
6634 7469
6635 7349
6636 45
6637 4858
6638 9545
6639 8480
6640 4247
6641 1917
6642 9396
6643 8684
6644 385
6645 408
6646 7607
6647 1549
6648 5095
6649 8737
6650 8182
6651 1804
6652 7006
6653 4318
6654 1318
6655 987
6656 2642
6657 5917
6658 208
6659 7126
6660 6638
6661 8160
6662 8240
6663 3717
6664 2198
6665 2518
6666 5434
6667 5198
6668 1908
6669 8101
6670 5850
6671 3255
6672 5694
6673 5139
6674 470
6675 3481
6676 9056
6677 9301
6678 2962
6679 4928
6680 3788
6681 9086
6682 2303
6683 6430
6684 2330
6685 8904
6686 3874
6687 8288
6688 9117
6689 8641
6690 3405
6691 361
6692 9668
6693 9597
6694 6204
6695 938
6696 5242
6697 4601
6698 846
6699 355
6700 6523
6701 6096
6702 1645
6703 4722
6704 6547
6705 8486
6706 6220
6707 666
6708 8644
6709 4817
6710 1692
6711 9008
6712 2611
6713 5080
6714 5354
6715 655
6716 4864
6717 1556
6718 3193
6719 7355
6720 705
6721 2323
6722 2104
6723 8258
6724 1754
6725 43
6726 384
6727 1919
6728 2490
6729 7147
6730 1037
6731 6936
6732 5221
6733 637
6734 9526
6735 3751
6736 6170
6737 392
6738 2682
6739 9637
6740 9136
6741 8339
6742 2664
6743 7218
6744 2578
6745 5571
6746 5867
6747 4258
6748 6676
6749 7221
6750 5328
6751 513
6752 6848
6753 2167
6754 6390
6755 4663
6756 7122
6757 640
6758 8977
6759 8983
6760 348
6761 10000
6762 3547
6763 6417
6764 646
6765 3826
6766 5464
6767 3335
6768 5558
6769 1999
6770 8388
6771 6845
6772 6713
6773 7612
6774 2139
6775 713
6776 7611
6777 2771
6778 3268
6779 1146
6780 9080
6781 6639
6782 8235
6783 1638
6784 5375
6785 3248
6786 6586
6787 475
6788 2032
6789 9983
6790 4611
6791 7527
6792 210
6793 9580
6794 988
6795 6706
6796 6099
6797 115
6798 1416
6799 8329
6800 77
6801 2476
6802 1214
6803 8470
6804 513
6805 4402
6806 2280
6807 2554
6808 2323
6809 6715
6810 3834
6811 5405
6812 8386
6813 3798
6814 6077
6815 5437
6816 9634
6817 148
6818 9767
6819 6626
6820 232
6821 4092
6822 9609
6823 3890
6824 225
6825 7266
6826 1717
6827 5216
6828 1312
6829 3938
6830 6025
6831 4318
6832 34
6833 6790
6834 1964
6835 8084
6836 8527
6837 472
6838 6932
6839 2713
6840 3967
6841 8561
6842 4178
6843 1438
6844 870
6845 143
6846 9835
6847 4906
6848 606
6849 2885
6850 2163
6851 944
6852 9391
6853 2108
6854 2136
6855 5789
6856 126
6857 7527
6858 5305
6859 6941
6860 4719
6861 8533
6862 5937
6863 877
6864 8088
6865 3248
6866 3683
6867 1947
6868 4548
6869 6562
6870 8115
6871 4105
6872 4849
6873 887
6874 575
6875 9089
6876 5031
6877 3453
6878 4969
6879 6898
6880 6069
6881 600
6882 9954
6883 8281
6884 3033
6885 5762
6886 4916
6887 91
6888 395
6889 447
6890 9227
6891 2078
6892 6630
6893 6687
6894 8978
6895 2200
6896 2741
6897 9837
6898 3110
6899 2127
6900 3318
6901 3348
6902 8713
6903 2975
6904 8110
6905 482
6906 9477
6907 970
6908 7545
6909 6868
6910 5386
6911 8569
6912 2859
6913 6944
6914 8662
6915 6545
6916 8984
6917 7282
6918 112
6919 5985
6920 45
6921 2926
6922 481
6923 1352
6924 5369
6925 3620
6926 1600
6927 355
6928 1355
6929 354
6930 5161
6931 5364
6932 1321
6933 2563
6934 4121
6935 5710
6936 4906
6937 4485
6938 88
6939 3948
6940 9457
6941 4600
6942 1763
6943 2066
6944 7126
6945 1459
6946 5
6947 3036
6948 2387
6949 7424
6950 1377
6951 6306
6952 4136
6953 1576
6954 7471
6955 7101
6956 1483
6957 857
6958 8064
6959 2147
6960 2911
6961 2963
6962 9552
6963 2462
6964 7520
6965 1170
6966 6568
6967 6491
6968 2121
6969 5366
6970 2844
6971 9069
6972 4994
6973 9550
6974 4279
6975 914
6976 1321
6977 9011
6978 8273
6979 6814
6980 1563
6981 3825
6982 3947
6983 7907
6984 2607
6985 4416
6986 343
6987 3154
6988 2224
6989 4929
6990 4950
6991 603
6992 3941
6993 2195
6994 8687
6995 1665
6996 9759
6997 4630
6998 7321
6999 7721
7000 7022
7001 4791
7002 9014
7003 2112
7004 9680
7005 5721
7006 652
7007 2748
7008 3656
7009 3333
7010 8768
7011 7723
7012 9398
7013 7592
7014 961
7015 7480
7016 2504
7017 2251
7018 1726
7019 3164
7020 3277
7021 8016
7022 2694
7023 7120
7024 3250
7025 5144
7026 1211
7027 5265
7028 3931
7029 1457
7030 2513
7031 2108
7032 4207
7033 8093
7034 8776
7035 6233
7036 4848
7037 5374
7038 5875
7039 6581
7040 4422
7041 7805
7042 6581
7043 5911
7044 1224
7045 6569
7046 3240
7047 68
7048 3398
7049 8973
7050 2265
7051 9485
7052 6037
7053 715
7054 3523
7055 2950
7056 4408
7057 5684
7058 7766
7059 194
7060 439
7061 649
7062 2388
7063 9418
7064 7727
7065 5739
7066 7032
7067 6876
7068 9558
7069 9087
7070 9971
7071 1008
7072 5592
7073 3982
7074 8372
7075 9078
7076 6323
7077 8729
7078 6227
7079 1147
7080 3372
7081 8841
7082 7371
7083 523
7084 5917
7085 8500
7086 7234
7087 6752
7088 5147
7089 188
7090 2550
7091 8200
7092 1799
7093 2849
7094 3221
7095 2165
7096 913
7097 8231
7098 5673
7099 9965
7100 1620
7101 1506
7102 1086
7103 9522
7104 8227
7105 6302
7106 1793
7107 5500
7108 542
7109 6699
7110 4984
7111 1522
7112 5504
7113 8917
7114 5256
7115 5912
7116 6200
7117 3969
7118 3366
7119 6898
7120 3713
7121 3028
7122 2350
7123 8247
7124 8352
7125 46
7126 4425
7127 5857
7128 8683
7129 8947
7130 4527
7131 5760
7132 2385
7133 2698
7134 2953
7135 1358
7136 9513
7137 6543
7138 1553
7139 317
7140 9802
7141 5251
7142 9864
7143 5661
7144 7732
7145 5891
7146 8884
7147 9354
7148 3738
7149 8310
7150 3109
7151 5378
7152 6573
7153 863
7154 5970
7155 4723
7156 7814
7157 9011
7158 8324
7159 3843
7160 3887
7161 5700
7162 8894
7163 8825
7164 6158
7165 8844
7166 407
7167 6873
7168 3023
7169 8934
7170 1239
7171 8542
7172 141
7173 9797
7174 378
7175 7439
7176 9453
7177 3480
7178 1779
7179 7267
7180 7496
7181 5717
7182 1120
7183 9969
7184 4034
7185 370
7186 3974
7187 2593
7188 2123
7189 9492
7190 9833
7191 1982
7192 7090
7193 4014
7194 8330
7195 7309
7196 2449
7197 5835
7198 1150
7199 9142
7200 6025
7201 4070
7202 3670
7203 5793
7204 3243
7205 7974
7206 5136
7207 3917
7208 2447
7209 5032
7210 7066
7211 2521
7212 5413
7213 3396
7214 7214
7215 9093
7216 1814
7217 4754
7218 8686
7219 9171
7220 8006
7221 7221
7222 8557
7223 1575
7224 2152
7225 53
7226 3912
7227 6446
7228 8253
7229 3963
7230 31
7231 218
7232 5291
7233 3477
7234 6068
7235 1291
7236 9303
7237 5753
7238 8095
7239 42
7240 4062
7241 9526
7242 7531
7243 6687
7244 6693
7245 4630
7246 2417
7247 1154
7248 3083
7249 6400
7250 2751
7251 5550
7252 4952
7253 6955
7254 1860
7255 2242
7256 8885
7257 3260
7258 2154
7259 4209
7260 3159
7261 6464
7262 1473
7263 9961
7264 4553
7265 9461
7266 6452
7267 5744
7268 1877
7269 2178
7270 2779
7271 2459
7272 6494
7273 3736
7274 1628
7275 1832
7276 653
7277 9200
7278 8542
7279 6555
7280 8487
7281 2915
7282 4299
7283 2886
7284 8679
7285 1401
7286 6705
7287 9282
7288 7053
7289 8905
7290 3894
7291 3754
7292 8274
7293 6447
7294 9814
7295 1286
7296 7879
7297 2779
7298 1339
7299 1621
7300 6409
7301 4982
7302 7383
7303 6819
7304 3731
7305 7648
7306 5088
7307 7322
7308 6529
7309 6741
7310 9432
7311 4341
7312 3804
7313 7406
7314 7032
7315 1040
7316 8358
7317 5587
7318 6937
7319 171
7320 20
7321 4670
7322 8751
7323 2733
7324 2307
7325 4026
7326 8739
7327 7173
7328 792
7329 7355
7330 3595
7331 6428
7332 6969
7333 6584
7334 2328
7335 6087
7336 2833
7337 643
7338 235
7339 8856
7340 4180
7341 3113
7342 8420
7343 9619
7344 47
7345 9444
7346 5145
7347 5726
7348 9322
7349 637
7350 2160
7351 7298
7352 8110
7353 2687
7354 3737
7355 6575
7356 1597
7357 9960
7358 4043
7359 2203
7360 9330
7361 1176
7362 3481
7363 139
7364 7734
7365 6508
7366 7745
7367 3290
7368 172
7369 6468
7370 3745
7371 5094
7372 2362
7373 5936
7374 1110
7375 5482
7376 3220
7377 5818
7378 338
7379 3430
7380 3190
7381 5004
7382 6521
7383 9835
7384 6894
7385 8450
7386 2041
7387 2274
7388 1892
7389 2314
7390 9123
7391 5852
7392 4136
7393 3176
7394 9034
7395 9396
7396 4454
7397 2294
7398 7191
7399 9729
7400 119
7401 3433
7402 9271
7403 8536
7404 7767
7405 7726
7406 1665
7407 2318
7408 5439
7409 9123
7410 152
7411 9418
7412 767
7413 1331
7414 3689
7415 7385
7416 4378
7417 4905
7418 3121
7419 5211
7420 9357
7421 1398
7422 5695
7423 1259
7424 9533
7425 3581
7426 2209
7427 3036
7428 7004
7429 2363
7430 7518
7431 8575
7432 584
7433 2452
7434 3103
7435 6689
7436 7040
7437 1848
7438 8891
7439 545
7440 1252
7441 7093
7442 3789
7443 816
7444 8712
7445 3478
7446 7140
7447 6288
7448 4052
7449 41
7450 3927
7451 2959
7452 8043
7453 7727
7454 5346
7455 2109
7456 5190
7457 6732
7458 9906
7459 4392
7460 1917
7461 4542
7462 7801
7463 1225
7464 5457
7465 6794
7466 4703
7467 2775
7468 3337
7469 529
7470 2293
7471 6154
7472 4375
7473 6114
7474 2791
7475 890
7476 8037
7477 6602
7478 2173
7479 6886
7480 9425
7481 470
7482 2366
7483 6576
7484 115
7485 2841
7486 9026
7487 4981
7488 1687
7489 7241
7490 2513
7491 6794
7492 2364
7493 1139
7494 2541
7495 8099
7496 5800
7497 1439
7498 2970
7499 7789
7500 9381
7501 9470
7502 8758
7503 5323
7504 8683
7505 7375
7506 8504
7507 9342
7508 3675
7509 4562
7510 6761
7511 2492
7512 2790
7513 7556
7514 4601
7515 7011
7516 4424
7517 329
7518 9248
7519 8872
7520 8676
7521 5911
7522 1107
7523 8568
7524 6349
7525 8862
7526 4862
7527 6783
7528 1583
7529 4950
7530 8324
7531 9399
7532 2360
7533 8034
7534 6496
7535 3480
7536 2454
7537 4368
7538 4278
7539 3806
7540 3165
7541 8498
7542 4252
7543 7449
7544 5333
7545 7782
7546 7310
7547 6413
7548 1486
7549 3473
7550 2947
7551 8425
7552 9778
7553 3595
7554 4746
7555 8389
7556 469
7557 564
7558 6688
7559 3684
7560 9339
7561 9333
7562 6881
7563 1129
7564 6262
7565 625
7566 1495
7567 8038
7568 2266
7569 4905
7570 6212
7571 4656
7572 1824
7573 7454
7574 5721
7575 7950
7576 9731
7577 2018
7578 2001
7579 9952
7580 7626
7581 6632
7582 6093
7583 7037
7584 7234
7585 1162
7586 3724
7587 8500
7588 120
7589 4664
7590 5270
7591 1124
7592 6848
7593 5918
7594 9493
7595 2151
7596 6996
7597 7295
7598 177
7599 2857
7600 7325
7601 7197
7602 2407
7603 3718
7604 7975
7605 7339
7606 7829
7607 1826
7608 436
7609 4426
7610 2404
7611 9730
7612 2816
7613 8767
7614 850
7615 2727
7616 7899
7617 2805
7618 4795
7619 875
7620 7976
7621 8287
7622 9524
7623 9028
7624 6434
7625 4646
7626 7476
7627 69
7628 1174
7629 7296
7630 6560
7631 6388
7632 8161
7633 6802
7634 8881
7635 1702
7636 8310
7637 4636
7638 2211
7639 3798
7640 8204
7641 1218
7642 2173
7643 2021
7644 5106
7645 8828
7646 1672
7647 5772
7648 8032
7649 6419
7650 5069
7651 2173
7652 684
7653 5115
7654 5296
7655 9223
7656 9765
7657 2208
7658 3203
7659 2423
7660 511
7661 3753
7662 2808
7663 1547
7664 6571
7665 5866
7666 6695
7667 8723
7668 8722
7669 3045
7670 3896
7671 769
7672 8799
7673 4592
7674 8350
7675 2959
7676 390
7677 7874
7678 401
7679 9919
7680 1317
7681 5542
7682 6934
7683 3533
7684 9349
7685 866
7686 2316
7687 4321
7688 6796
7689 882
7690 9141
7691 369
7692 835
7693 333
7694 5103
7695 4676
7696 4399
7697 4058
7698 9390
7699 8001
7700 8910
7701 8523
7702 7736
7703 4213
7704 4048
7705 8134
7706 7853
7707 3907
7708 2400
7709 6693
7710 8433
7711 8197
7712 3805
7713 7300
7714 7992
7715 7281
7716 5545
7717 6055
7718 8332
7719 5575
7720 5277
7721 5150
7722 7294
7723 2839
7724 6583
7725 5393
7726 5847
7727 4464
7728 161
7729 981
7730 6217
7731 8195
7732 7055
7733 9953
7734 1975
7735 838
7736 2485
7737 1194
7738 7021
7739 5268
7740 6403
7741 8281
7742 7886
7743 7714
7744 3022
7745 6639
7746 1224
7747 8460
7748 8283
7749 2735
7750 5750
7751 7197
7752 6283
7753 2793
7754 1554
7755 9230
7756 7326
7757 2711
7758 3780
7759 6325
7760 3317
7761 4736
7762 4748
7763 9727
7764 7320
7765 7275
7766 776
7767 4137
7768 5168
7769 8366
7770 8770
7771 5400
7772 3827
7773 1347
7774 7114
7775 8105
7776 3994
7777 8315
7778 3675
7779 3282
7780 7440
7781 8653
7782 5436
7783 8710
7784 7481
7785 9175
7786 8693
7787 808
7788 6012
7789 2405
7790 4892
7791 9431
7792 8399
7793 6560
7794 9275
7795 8920
7796 3774
7797 4429
7798 2944
7799 1234
7800 2855
7801 2406
7802 9985
7803 4434
7804 6117
7805 4086
7806 1593
7807 8974
7808 8502
7809 5998
7810 4548
7811 7942
7812 3691
7813 3365
7814 8578
7815 5527
7816 9724
7817 6940
7818 9564
7819 3354
7820 4774
7821 191
7822 9601
7823 9193
7824 9491
7825 8903
7826 4938
7827 3298
7828 9843
7829 4220
7830 2306
7831 8052
7832 1052
7833 8616
7834 2044
7835 2133
7836 8700
7837 2631
7838 7392
7839 166
7840 2198
7841 6538
7842 886
7843 4222
7844 2065
7845 1083
7846 8414
7847 3091
7848 5961
7849 7963
7850 2457
7851 3928
7852 6095
7853 8711
7854 6151
7855 7008
7856 3492
7857 5001
7858 4942
7859 6593
7860 670
7861 4347
7862 4419
7863 6131
7864 4660
7865 6422
7866 1593
7867 8087
7868 6764
7869 2472
7870 6227
7871 9141
7872 5886
7873 5828
7874 1719
7875 4637
7876 245
7877 756
7878 4466
7879 1951
7880 7122
7881 8825
7882 9506
7883 7111
7884 6012
7885 7219
7886 7443
7887 3552
7888 7640
7889 1884
7890 9850
7891 441
7892 864
7893 4542
7894 2103
7895 5876
7896 8612
7897 2309
7898 2555
7899 8635
7900 3034
7901 95
7902 5942
7903 238
7904 1842
7905 2528
7906 9787
7907 727
7908 3195
7909 8419
7910 9490
7911 47
7912 5740
7913 554
7914 5242
7915 9017
7916 1856
7917 6966
7918 8665
7919 7579
7920 145
7921 8514
7922 3617
7923 9182
7924 6111
7925 9338
7926 5410
7927 6987
7928 4574
7929 2649
7930 3926
7931 6005
7932 1945
7933 1103
7934 7164
7935 229
7936 6182
7937 674
7938 5508
7939 6304
7940 2536
7941 428
7942 7044
7943 6741
7944 1003
7945 9874
7946 3605
7947 4307
7948 3792
7949 2116
7950 7549
7951 8280
7952 6037
7953 1024
7954 4409
7955 5252
7956 8415
7957 6529
7958 6087
7959 4379
7960 7174
7961 1654
7962 6926
7963 3369
7964 6638
7965 6797
7966 8906
7967 2927
7968 7214
7969 5693
7970 168
7971 7484
7972 6831
7973 6131
7974 1754
7975 1496
7976 4499
7977 2964
7978 7111
7979 8394
7980 4543
7981 2850
7982 9890
7983 297
7984 2598
7985 6730
7986 2149
7987 6607
7988 6003
7989 3033
7990 8107
7991 3993
7992 5346
7993 9103
7994 9815
7995 4939
7996 4236
7997 1836
7998 3988
7999 9264
8000 5246
8001 2823
8002 3225
8003 3215
8004 1093
8005 7085
8006 9400
8007 7802
8008 5384
8009 3558
8010 1764
8011 1696
8012 6561
8013 6691
8014 5805
8015 7026
8016 2585
8017 7940
8018 3690
8019 5683
8020 6063
8021 1030
8022 3633
8023 4088
8024 2501
8025 2377
8026 1125
8027 6318
8028 3000
8029 4816
8030 2589
8031 1835
8032 6489
8033 2578
8034 733
8035 2461
8036 8141
8037 1805
8038 515
8039 2703
8040 6237
8041 2474
8042 481
8043 1674
8044 91
8045 3787
8046 3266
8047 3752
8048 5282
8049 897
8050 1754
8051 5924
8052 2952
8053 5146
8054 5182
8055 5613
8056 8867
8057 5432
8058 6909
8059 6376
8060 4117
8061 3581
8062 1978
8063 4917
8064 2197
8065 4162
8066 7751
8067 3770
8068 3771
8069 9079
8070 2847
8071 6172
8072 9416
8073 7029
8074 6848
8075 9869
8076 6912
8077 5007
8078 6708
8079 4463
8080 8165
8081 7222
8082 4459
8083 1478
8084 2065
8085 8987
8086 7558
8087 7931
8088 4543
8089 1264
8090 9106
8091 316
8092 7255
8093 8984
8094 6942
8095 8945
8096 4
8097 397
8098 4699
8099 682
8100 2836
8101 3168
8102 176
8103 6885
8104 5723
8105 6474
8106 1863
8107 5643
8108 9444
8109 7633
8110 5752
8111 1338
8112 742
8113 6967
8114 6719
8115 125
8116 3646
8117 9997
8118 4348
8119 1863
8120 255
8121 4020
8122 3463
8123 7790
8124 2515
8125 7844
8126 7470
8127 7764
8128 3212
8129 2469
8130 9469
8131 5618
8132 7243
8133 2843
8134 3641
8135 9741
8136 60
8137 4479
8138 8297
8139 6826
8140 2828
8141 7527
8142 9937
8143 6029
8144 73
8145 4984
8146 5756
8147 2893
8148 7668
8149 18
8150 2309
8151 2676
8152 8693
8153 6362
8154 338
8155 2339
8156 8844
8157 7061
8158 6190
8159 338
8160 6863
8161 1615
8162 4418
8163 804
8164 2293
8165 5276
8166 8351
8167 6136
8168 5741
8169 3174
8170 3578
8171 5165
8172 8844
8173 6053
8174 8036
8175 9149
8176 7521
8177 7020
8178 501
8179 4202
8180 7959
8181 544
8182 8421
8183 263
8184 982
8185 5652
8186 1399
8187 3037
8188 3446
8189 9759
8190 2114
8191 3341
8192 818
8193 9679
8194 9117
8195 7557
8196 7509
8197 9991
8198 6278
8199 9628
8200 3907
8201 9652
8202 3822
8203 5159
8204 2550
8205 6301
8206 4325
8207 8718
8208 2596
8209 1145
8210 6734
8211 1401
8212 793
8213 3658
8214 4959
8215 339
8216 5367
8217 807
8218 8392
8219 9361
8220 7654
8221 695
8222 7789
8223 7404
8224 6921
8225 2137
8226 3393
8227 4361
8228 1343
8229 7665
8230 5377
8231 5162
8232 6195
8233 1325
8234 4618
8235 8526
8236 1969
8237 7733
8238 8488
8239 467
8240 7204
8241 1473
8242 9900
8243 5772
8244 3681
8245 2260
8246 760
8247 9053
8248 8442
8249 678
8250 3099
8251 19
8252 7440
8253 9104
8254 5460
8255 3281
8256 6808
8257 9056
8258 3428
8259 9781
8260 7672
8261 877
8262 3925
8263 8424
8264 3439
8265 4676
8266 2960
8267 8388
8268 2110
8269 928
8270 8016
8271 9937
8272 2279
8273 9929
8274 9057
8275 3880
8276 4272
8277 2339
8278 3332
8279 6857
8280 372
8281 3095
8282 418
8283 535
8284 4854
8285 8238
8286 2170
8287 4384
8288 5571
8289 2170
8290 2729
8291 4987
8292 4275
8293 1471
8294 4853
8295 4026
8296 348
8297 6398
8298 2294
8299 1935
8300 5699
8301 8995
8302 3298
8303 8187
8304 4127
8305 7732
8306 2979
8307 6609
8308 9212
8309 6282
8310 8918
8311 1322
8312 2649
8313 4620
8314 1699
8315 9265
8316 5999
8317 4918
8318 4692
8319 9246
8320 7006
8321 7993
8322 7925
8323 3952
8324 3109
8325 812
8326 4358
8327 2995
8328 7965
8329 8048
8330 6943
8331 2674
8332 8372
8333 6385
8334 6961
8335 3766
8336 3025
8337 4792
8338 4805
8339 3260
8340 3240
8341 4589
8342 5171
8343 9908
8344 4428
8345 1786
8346 2017
8347 5813
8348 7212
8349 4011
8350 1638
8351 9519
8352 2956
8353 6242
8354 378
8355 6777
8356 801
8357 5702
8358 5916
8359 9112
8360 344
8361 8491
8362 2223
8363 1281
8364 9491
8365 9774
8366 3202
8367 7477
8368 7889
8369 6119
8370 8715
8371 4155
8372 5529
8373 8752
8374 6495
8375 988
8376 1283
8377 5749
8378 1472
8379 9768
8380 9555
8381 6577
8382 8100
8383 4134
8384 1411
8385 4296
8386 1677
8387 8920
8388 8236
8389 8148
8390 6811
8391 9949
8392 9008
8393 1638
8394 5018
8395 8623
8396 279
8397 6350
8398 7849
8399 4349
8400 483
8401 7094
8402 3401
8403 3716
8404 2498
8405 4296
8406 9981
8407 3878
8408 9953
8409 1248
8410 1252
8411 2652
8412 8808
8413 1997
8414 3825
8415 9943
8416 4229
8417 480
8418 1299
8419 3570
8420 232
8421 3479
8422 6422
8423 4996
8424 1624
8425 9380
8426 9093
8427 1154
8428 6609
8429 5109
8430 6393
8431 4625
8432 299
8433 2105
8434 1203
8435 4873
8436 9880
8437 2152
8438 5906
8439 9701
8440 8217
8441 6161
8442 66
8443 5734
8444 3757
8445 5649
8446 4865
8447 2295
8448 4440
8449 9871
8450 8271
8451 9916
8452 796
8453 2325
8454 6081
8455 6612
8456 4822
8457 504
8458 7090
8459 3885
8460 2775
8461 1912
8462 3831
8463 9382
8464 1677
8465 7443
8466 3101
8467 6656
8468 6542
8469 9381
8470 9890
8471 7741
8472 3345
8473 4538
8474 9932
8475 9163
8476 6361
8477 5043
8478 1466
8479 3722
8480 6942
8481 8919
8482 6645
8483 7256
8484 3865
8485 8241
8486 7986
8487 3583
8488 6620
8489 3191
8490 6583
8491 4788
8492 8973
8493 6602
8494 4231
8495 5984
8496 3357
8497 6761
8498 3020
8499 1227
8500 6744
8501 6465
8502 1120
8503 8164
8504 3083
8505 8352
8506 6936
8507 1549
8508 3837
8509 2439
8510 2126
8511 803
8512 3244
8513 3420
8514 7801
8515 9612
8516 2341
8517 2831
8518 267
8519 9273
8520 4896
8521 3477
8522 1735
8523 4075
8524 5285
8525 9424
8526 7517
8527 866
8528 7567
8529 7952
8530 4339
8531 2336
8532 5099
8533 7474
8534 5201
8535 1851
8536 3468
8537 3670
8538 4857
8539 3586
8540 9935
8541 8623
8542 5794
8543 1031
8544 422
8545 3540
8546 4800
8547 5226
8548 1796
8549 3699
8550 4641
8551 5095
8552 3700
8553 5285
8554 4550
8555 4902
8556 2918
8557 9373
8558 5164
8559 2288
8560 4374
8561 8121
8562 3958
8563 6865
8564 8890
8565 7739
8566 6713
8567 9449
8568 9865
8569 946
8570 8355
8571 9404
8572 3539
8573 6017
8574 5641
8575 553
8576 6128
8577 4065
8578 5196
8579 1976
8580 6921
8581 18
8582 343
8583 7741
8584 9949
8585 9389
8586 9848
8587 9897
8588 4753
8589 1973
8590 280
8591 7583
8592 5448
8593 2699
8594 9385
8595 2260
8596 7818
8597 2641
8598 8027
8599 4815
8600 4948
8601 5270
8602 922
8603 1025
8604 92
8605 8208
8606 3672
8607 8142
8608 1342
8609 3352
8610 7923
8611 4153
8612 1720
8613 7279
8614 8754
8615 7150
8616 2687
8617 3807
8618 7121
8619 8168
8620 2220
8621 748
8622 6727
8623 4019
8624 3079
8625 745
8626 8912
8627 827
8628 5566
8629 2022
8630 5260
8631 3092
8632 5458
8633 2503
8634 5907
8635 5139
8636 8606
8637 5296
8638 7859
8639 2057
8640 932
8641 3165
8642 2151
8643 6912
8644 2566
8645 5886
8646 662
8647 6350
8648 14
8649 3136
8650 9894
8651 3543
8652 3243
8653 4470
8654 6139
8655 3215
8656 1448
8657 4518
8658 6575
8659 6140
8660 2442
8661 6656
8662 6831
8663 5882
8664 8471
8665 8073
8666 1488
8667 5688
8668 2301
8669 262
8670 6461
8671 4895
8672 9382
8673 7076
8674 3870
8675 211
8676 8518
8677 948
8678 5158
8679 4866
8680 3870
8681 5795
8682 8057
8683 5178
8684 5681
8685 9048
8686 8584
8687 2951
8688 3967
8689 7015
8690 4795
8691 1850
8692 7139
8693 5747
8694 4570
8695 1989
8696 4678
8697 831
8698 4135
8699 3234
8700 5775
8701 2773
8702 8523
8703 260
8704 8792
8705 3408
8706 9980
8707 9589
8708 5453
8709 8484
8710 8471
8711 3054
8712 7203
8713 5486
8714 3376
8715 6693
8716 914
8717 4245
8718 4772
8719 6048
8720 2049
8721 4576
8722 1799
8723 1657
8724 7677
8725 5665
8726 3774
8727 7162
8728 5781
8729 4047
8730 2363
8731 2151
8732 389
8733 8737
8734 8849
8735 2266
8736 7453
8737 4982
8738 3619
8739 6442
8740 5694
8741 1074
8742 8893
8743 6357
8744 2512
8745 3395
8746 3374
8747 5788
8748 1970
8749 8690
8750 7297
8751 5694
8752 8880
8753 2180
8754 1190
8755 8044
8756 7002
8757 4192
8758 7714
8759 5612
8760 4295
8761 1451
8762 8160
8763 6233
8764 8901
8765 3647
8766 3618
8767 2968
8768 6235
8769 5162
8770 5256
8771 6901
8772 4973
8773 867
8774 3531
8775 2252
8776 5611
8777 8263
8778 2855
8779 6035
8780 2743
8781 657
8782 6275
8783 7972
8784 5696
8785 3689
8786 9134
8787 5001
8788 4128
8789 9635
8790 6488
8791 8784
8792 6527
8793 4072
8794 7642
8795 3070
8796 66
8797 5186
8798 8723
8799 4496
8800 948
8801 4352
8802 8656
8803 1148
8804 4079
8805 137
8806 214
8807 1830
8808 4278
8809 6254
8810 1231
8811 1854
8812 9042
8813 8904
8814 2944
8815 8007
8816 8471
8817 2065
8818 1795
8819 2083
8820 1683
8821 6398
8822 6677
8823 4138
8824 2562
8825 2250
8826 3149
8827 9673
8828 7073
8829 7870
8830 6040
8831 3846
8832 7117
8833 92
8834 2605
8835 1330
8836 8775
8837 154
8838 5810
8839 9352
8840 1319
8841 8684
8842 3707
8843 9442
8844 5209
8845 219
8846 5065
8847 4250
8848 8856
8849 2785
8850 2279
8851 7054
8852 8998
8853 4486
8854 9948
8855 6589
8856 7653
8857 8180
8858 4574
8859 1326
8860 4197
8861 5191
8862 4180
8863 7535
8864 2490
8865 4897
8866 2933
8867 5323
8868 3337
8869 3002
8870 1458
8871 6437
8872 1568
8873 5908
8874 1917
8875 9809
8876 799
8877 4316
8878 2069
8879 978
8880 7431
8881 1692
8882 2303
8883 9054
8884 5389
8885 2750
8886 7859
8887 8077
8888 7786
8889 8363
8890 4704
8891 7104
8892 3506
8893 6498
8894 1772
8895 8207
8896 9247
8897 276
8898 8523
8899 1931
8900 8842
8901 8187
8902 6923
8903 9890
8904 8710
8905 3659
8906 4907
8907 2368
8908 7417
8909 2625
8910 7398
8911 6098
8912 1207
8913 4280
8914 7008
8915 1159
8916 4252
8917 2426
8918 9259
8919 3567
8920 310
8921 1171
8922 2166
8923 6853
8924 861
8925 4898
8926 4275
8927 7465
8928 3952
8929 8745
8930 3028
8931 3686
8932 9662
8933 3971
8934 9281
8935 258
8936 6173
8937 949
8938 4024
8939 1572
8940 90
8941 9133
8942 9777
8943 6351
8944 7902
8945 1175
8946 973
8947 7117
8948 2889
8949 8063
8950 7547
8951 9639
8952 3325
8953 9600
8954 8262
8955 368
8956 890
8957 7323
8958 9679
8959 3234
8960 4497
8961 9059
8962 4226
8963 4608
8964 2823
8965 6997
8966 9655
8967 5098
8968 4057
8969 1366
8970 9912
8971 447
8972 5143
8973 6756
8974 6154
8975 3229
8976 9054
8977 8830
8978 2666
8979 7475
8980 3141
8981 496
8982 517
8983 2216
8984 1075
8985 9270
8986 3283
8987 6965
8988 7739
8989 8321
8990 561
8991 5357
8992 4790
8993 5928
8994 7323
8995 8525
8996 7340
8997 422
8998 5234
8999 2029
9000 2030
9001 4993
9002 2607
9003 3542
9004 8146
9005 5899
9006 8148
9007 3583
9008 6396
9009 753
9010 2923
9011 832
9012 470
9013 3697
9014 3710
9015 1479
9016 1628
9017 664
9018 4018
9019 2792
9020 4806
9021 5881
9022 8560
9023 8302
9024 899
9025 5642
9026 6705
9027 7633
9028 5582
9029 4937
9030 3926
9031 1904
9032 960
9033 8316
9034 7377
9035 3118
9036 1074
9037 1237
9038 180
9039 3657
9040 7756
9041 420
9042 4564
9043 7173
9044 4783
9045 4486
9046 1769
9047 5911
9048 2444
9049 7564
9050 6021
9051 6765
9052 7407
9053 2054
9054 7902
9055 5755
9056 475
9057 8894
9058 8938
9059 6208
9060 8275
9061 8978
9062 7942
9063 4599
9064 2402
9065 5561
9066 1779
9067 4745
9068 344
9069 5158
9070 157
9071 8752
9072 9986
9073 6618
9074 3337
9075 5399
9076 7813
9077 9764
9078 1531
9079 9885
9080 9174
9081 3235
9082 34
9083 4120
9084 4553
9085 77
9086 8768
9087 9733
9088 4580
9089 7752
9090 6105
9091 5502
9092 9647
9093 8437
9094 8135
9095 8437
9096 3050
9097 5452
9098 8456
9099 8045
9100 1499
9101 5907
9102 1845
9103 5367
9104 8722
9105 344
9106 9999
9107 9418
9108 9675
9109 254
9110 1240
9111 9436
9112 4112
9113 244
9114 331
9115 477
9116 4488
9117 8992
9118 3242
9119 3235
9120 2656
9121 1579
9122 2146
9123 1903
9124 3492
9125 4486
9126 1853
9127 4126
9128 3515
9129 5627
9130 99
9131 7644
9132 1932
9133 4142
9134 1678
9135 5332
9136 5984
9137 8722
9138 4537
9139 6402
9140 6310
9141 1768
9142 675
9143 3465
9144 4220
9145 9778
9146 5334
9147 5408
9148 6625
9149 6661
9150 4735
9151 230
9152 9093
9153 8061
9154 5897
9155 8167
9156 9401
9157 9146
9158 603
9159 5031
9160 5720
9161 9753
9162 2042
9163 2924
9164 257
9165 4205
9166 2668
9167 7944
9168 9200
9169 6828
9170 4363
9171 2931
9172 2584
9173 4870
9174 1873
9175 8535
9176 7056
9177 1760
9178 278
9179 1797
9180 1831
9181 2975
9182 7300
9183 4597
9184 3877
9185 7632
9186 7123
9187 6970
9188 9071
9189 3556
9190 9478
9191 4660
9192 4502
9193 9737
9194 2288
9195 815
9196 9261
9197 6500
9198 8164
9199 329
9200 8070
9201 8425
9202 1001
9203 2225
9204 4520
9205 989
9206 4406
9207 2747
9208 2622
9209 6499
9210 6607
9211 3072
9212 4527
9213 5923
9214 8412
9215 50
9216 1061
9217 4089
9218 4786
9219 8476
9220 3484
9221 2921
9222 9089
9223 6024
9224 5242
9225 6736
9226 2954
9227 9963
9228 2661
9229 2821
9230 7290
9231 4171
9232 149
9233 1775
9234 743
9235 3856
9236 696
9237 3408
9238 437
9239 3208
9240 4875
9241 3343
9242 7078
9243 9749
9244 9484
9245 1636
9246 700
9247 7249
9248 7801
9249 9420
9250 5484
9251 3746
9252 9476
9253 764
9254 81
9255 6328
9256 1926
9257 6561
9258 5498
9259 9826
9260 4636
9261 5510
9262 4834
9263 9585
9264 6035
9265 9888
9266 4617
9267 3733
9268 4668
9269 9300
9270 5971
9271 1635
9272 3755
9273 4520
9274 5821
9275 3848
9276 1378
9277 8102
9278 5384
9279 5431
9280 8501
9281 4684
9282 8708
9283 6878
9284 7978
9285 4193
9286 2170
9287 6231
9288 8671
9289 2002
9290 886
9291 3034
9292 4919
9293 2250
9294 7279
9295 6320
9296 562
9297 1265
9298 1508
9299 1842
9300 8328
9301 6507
9302 1188
9303 9088
9304 4162
9305 6929
9306 4938
9307 1805
9308 2694
9309 2861
9310 1012
9311 1335
9312 9405
9313 8078
9314 9566
9315 3813
9316 8018
9317 7660
9318 1040
9319 3626
9320 1545
9321 2245
9322 9200
9323 6198
9324 9369
9325 8342
9326 7877
9327 331
9328 1847
9329 1429
9330 1530
9331 396
9332 1809
9333 2315
9334 2251
9335 6946
9336 8164
9337 2767
9338 4288
9339 2424
9340 6139
9341 2606
9342 8371
9343 6182
9344 181
9345 3510
9346 5502
9347 7980
9348 625
9349 7729
9350 3414
9351 9156
9352 4792
9353 9215
9354 4878
9355 2218
9356 2582
9357 1917
9358 3274
9359 391
9360 7159
9361 4130
9362 9729
9363 9736
9364 8795
9365 6151
9366 4093
9367 7021
9368 8613
9369 9862
9370 515
9371 1566
9372 2710
9373 2171
9374 6233
9375 8184
9376 1488
9377 9880
9378 2489
9379 3669
9380 8362
9381 1749
9382 1057
9383 1786
9384 8303
9385 2900
9386 7875
9387 1049
9388 9507
9389 5683
9390 3760
9391 6423
9392 8516
9393 506
9394 4620
9395 1800
9396 2968
9397 5092
9398 5614
9399 7094
9400 7065
9401 26
9402 3863
9403 929
9404 2506
9405 5435
9406 572
9407 8640
9408 2116
9409 1000
9410 3201
9411 2485
9412 3137
9413 2123
9414 9988
9415 2463
9416 8548
9417 4408
9418 7748
9419 3721
9420 9091
9421 1612
9422 6972
9423 4224
9424 531
9425 1570
9426 4351
9427 1490
9428 814
9429 9652
9430 3025
9431 8161
9432 7571
9433 6991
9434 9632
9435 9110
9436 2955
9437 8303
9438 2718
9439 4259
9440 1283
9441 1625
9442 2908
9443 9409
9444 3163
9445 4488
9446 6996
9447 9592
9448 8986
9449 8958
9450 1779
9451 2237
9452 9771
9453 4988
9454 2257
9455 4613
9456 1624
9457 542
9458 4063
9459 56
9460 9073
9461 8861
9462 5739
9463 9937
9464 1945
9465 5192
9466 2835
9467 2978
9468 5198
9469 3741
9470 996
9471 8724
9472 6867
9473 6016
9474 173
9475 8283
9476 891
9477 4190
9478 9477
9479 7192
9480 164
9481 1196
9482 9670
9483 713
9484 5102
9485 5736
9486 1444
9487 8155
9488 3015
9489 257
9490 8974
9491 3679
9492 7732
9493 8195
9494 1216
9495 4427
9496 1965
9497 4490
9498 1266
9499 4151
9500 4358
9501 7816
9502 3185
9503 9543
9504 8790
9505 9777
9506 7848
9507 9625
9508 1046
9509 6675
9510 8923
9511 1220
9512 7672
9513 1252
9514 3215
9515 2529
9516 6640
9517 7475
9518 5689
9519 9717
9520 2723
9521 433
9522 2450
9523 4076
9524 8619
9525 2328
9526 9651
9527 4098
9528 2117
9529 6553
9530 5299
9531 6746
9532 6088
9533 9668
9534 4218
9535 4018
9536 7393
9537 3280
9538 3473
9539 8797
9540 8815
9541 9819
9542 4089
9543 3168
9544 5992
9545 3259
9546 9844
9547 8713
9548 5206
9549 9266
9550 9539
9551 6712
9552 3010
9553 8240
9554 6957
9555 7938
9556 9403
9557 754
9558 8569
9559 1770
9560 1027
9561 8249
9562 7033
9563 9152
9564 647
9565 9798
9566 7411
9567 614
9568 7912
9569 7680
9570 6444
9571 5565
9572 4363
9573 6520
9574 5107
9575 9935
9576 7513
9577 7188
9578 4664
9579 3157
9580 8579
9581 3192
9582 2023
9583 6360
9584 2695
9585 3203
9586 9061
9587 1108
9588 5079
9589 5508
9590 5366
9591 5929
9592 7084
9593 9277
9594 5224
9595 8139
9596 2311
9597 4032
9598 1055
9599 5818
9600 3583
9601 6855
9602 6222
9603 8604
9604 3852
9605 9248
9606 2815
9607 3685
9608 271
9609 2324
9610 2847
9611 1896
9612 972
9613 169
9614 6841
9615 2040
9616 5621
9617 9997
9618 8381
9619 1592
9620 4052
9621 819
9622 2589
9623 8816
9624 52
9625 1402
9626 2404
9627 2417
9628 8205
9629 5001
9630 7475
9631 1791
9632 6618
9633 6519
9634 138
9635 9501
9636 5161
9637 6726
9638 7951
9639 5399
9640 9774
9641 5008
9642 9581
9643 4632
9644 4596
9645 649
9646 8636
9647 9612
9648 2369
9649 8276
9650 9513
9651 1888
9652 9685
9653 5682
9654 7395
9655 1718
9656 511
9657 7460
9658 8594
9659 2980
9660 5164
9661 6450
9662 5683
9663 2220
9664 6989
9665 7509
9666 3187
9667 9958
9668 9027
9669 8798
9670 4760
9671 3689
9672 6042
9673 5177
9674 2119
9675 6665
9676 5711
9677 4492
9678 133
9679 9178
9680 4208
9681 8634
9682 5214
9683 978
9684 222
9685 6725
9686 219
9687 6541
9688 1649
9689 8191
9690 2612
9691 6682
9692 6841
9693 6017
9694 6626
9695 8146
9696 2604
9697 4356
9698 943
9699 2121
9700 1249
9701 6269
9702 1757
9703 2846
9704 1079
9705 5430
9706 3168
9707 4013
9708 7234
9709 2903
9710 9944
9711 4915
9712 5956
9713 3716
9714 9966
9715 3057
9716 7828
9717 2112
9718 1275
9719 7417
9720 1582
9721 735
9722 7408
9723 117
9724 855
9725 5433
9726 1781
9727 7400
9728 6474
9729 3562
9730 929
9731 236
9732 3140
9733 5270
9734 5011
9735 7098
9736 2377
9737 2522
9738 2603
9739 7065
9740 5825
9741 3309
9742 8536
9743 9549
9744 9202
9745 9110
9746 5503
9747 7552
9748 6811
9749 2903
9750 4245
9751 495
9752 1674
9753 6839
9754 3801
9755 7675
9756 522
9757 8238
9758 7296
9759 3072
9760 5277
9761 4329
9762 5230
9763 6370
9764 8450
9765 9309
9766 3182
9767 1267
9768 627
9769 7736
9770 7822
9771 241
9772 4718
9773 771
9774 7578
9775 3244
9776 9838
9777 3971
9778 484
9779 2373
9780 9205
9781 5583
9782 9949
9783 2674
9784 9976
9785 9900
9786 8243
9787 5439
9788 3111
9789 3988
9790 2294
9791 2878
9792 5719
9793 4534
9794 8856
9795 9343
9796 4894
9797 9494
9798 8721
9799 5050
9800 1579
9801 5109
9802 4300
9803 1945
9804 2799
9805 2331
9806 2850
9807 6179
9808 5132
9809 6849
9810 9425
9811 5731
9812 9544
9813 8395
9814 2360
9815 5015
9816 7838
9817 8066
9818 1698
9819 8180
9820 9969
9821 7264
9822 1788
9823 2167
9824 542
9825 2805
9826 5701
9827 3959
9828 4845
9829 7846
9830 9889
9831 1702
9832 211
9833 1349
9834 7498
9835 5941
9836 9416
9837 6139
9838 7011
9839 9207
9840 5936
9841 7586
9842 4714
9843 8366
9844 6040
9845 5072
9846 5658
9847 6850
9848 814
9849 1709
9850 8074
9851 8688
9852 9405
9853 6005
9854 5638
9855 9567
9856 1508
9857 9353
9858 7543
9859 9917
9860 2530
9861 5264
9862 2578
9863 1400
9864 9185
9865 779
9866 6730
9867 2201
9868 1788
9869 4327
9870 5810
9871 7243
9872 7613
9873 9963
9874 2595
9875 7178
9876 2840
9877 8976
9878 2695
9879 5510
9880 45
9881 7904
9882 1888
9883 7478
9884 2510
9885 9928
9886 231
9887 2633
9888 958
9889 3047
9890 2404
9891 6439
9892 9442
9893 2457
9894 8359
9895 2663
9896 5015
9897 2925
9898 1330
9899 938
9900 1807
9901 6193
9902 2387
9903 6276
9904 569
9905 8528
9906 4945
9907 7371
9908 6812
9909 1681
9910 3554
9911 6759
9912 7808
9913 4561
9914 2774
9915 1066
9916 9849
9917 9211
9918 9988
9919 1673
9920 1296
9921 2644
9922 9727
9923 9272
9924 1664
9925 7411
9926 8821
9927 2788
9928 3930
9929 2413
9930 7012
9931 698
9932 22
9933 7855
9934 5961
9935 2165
9936 9495
9937 5220
9938 4886
9939 2356
9940 8104
9941 8439
9942 1055
9943 6250
9944 6361
9945 5330
9946 3826
9947 8991
9948 2849
9949 4340
9950 1329
9951 5332
9952 462
9953 4257
9954 2893
9955 9892
9956 7296
9957 9476
9958 7888
9959 3894
9960 2750
9961 7872
9962 4406
9963 6814
9964 7124
9965 7604
9966 3081
9967 7523
9968 8698
9969 3964
9970 3736
9971 5003
9972 6306
9973 1732
9974 820
9975 7219
9976 7325
9977 6872
9978 2999
9979 9275
9980 2538
9981 5142
9982 7665
9983 3406
9984 3324
9985 2053
9986 8688
9987 1423
9988 8503
9989 799
9990 8539
9991 8671
9992 7687
9993 9498
9994 5211
9995 395
9996 3565
9997 9620
9998 2439
9999 5105
10000 8727
